 0.583882540E-08 0.488016547E-08 0.547164501E-08 0.582656677E-08 0.607943804E-08 0.627932241E-08 0.645074101E-08 0.660813941E-08 0.676723283E-08 0.698495476E-08
 0.488016547E-08 0.110872828E-07 0.995940445E-08 0.109682946E-07 0.116925390E-07 0.122655393E-07 0.127569743E-07 0.132082172E-07 0.136643199E-07 0.142885046E-07
 0.547164501E-08 0.995940445E-08 0.151393869E-07 0.140208673E-07 0.152238580E-07 0.161810075E-07 0.170026214E-07 0.177571017E-07 0.185197110E-07 0.195633561E-07
 0.582656677E-08 0.109682946E-07 0.140208673E-07 0.189875603E-07 0.179083076E-07 0.192698082E-07 0.204434167E-07 0.215218709E-07 0.226120097E-07 0.241038886E-07
 0.607943804E-08 0.116925390E-07 0.152238580E-07 0.179083076E-07 0.228443176E-07 0.218277759E-07 0.233773529E-07 0.248056720E-07 0.262501149E-07 0.282269199E-07
 0.627932241E-08 0.122655393E-07 0.161810075E-07 0.192698082E-07 0.218277759E-07 0.268054197E-07 0.259680050E-07 0.277806984E-07 0.296178025E-07 0.321325474E-07
 0.645074101E-08 0.127569743E-07 0.170026214E-07 0.204434167E-07 0.233773529E-07 0.259680050E-07 0.311102394E-07 0.305776593E-07 0.328657347E-07 0.360019420E-07
 0.660813941E-08 0.132082172E-07 0.177571017E-07 0.215218709E-07 0.248056720E-07 0.277806984E-07 0.305776593E-07 0.360687462E-07 0.361178893E-07 0.400093014E-07
 0.676723283E-08 0.136643199E-07 0.185197110E-07 0.226120097E-07 0.262501149E-07 0.296178025E-07 0.328657347E-07 0.361178893E-07 0.423461043E-07 0.444986443E-07
 0.698495476E-08 0.142885046E-07 0.195633561E-07 0.241038886E-07 0.282269199E-07 0.321325474E-07 0.360019420E-07 0.400093014E-07 0.444986443E-07 0.538455962E-07
 0.572181637E-08 0.471195574E-08 0.528538803E-08 0.562952255E-08 0.587471104E-08 0.606852263E-08 0.623473329E-08 0.638734970E-08 0.654160964E-08 0.675271687E-08
 0.471195574E-08 0.108155602E-07 0.964349130E-08 0.106253236E-07 0.113302470E-07 0.118879723E-07 0.123663077E-07 0.128055223E-07 0.132494671E-07 0.138570137E-07
 0.528538803E-08 0.964349130E-08 0.147619505E-07 0.136045343E-07 0.147795604E-07 0.157145837E-07 0.165172216E-07 0.172542780E-07 0.179992759E-07 0.190188195E-07
 0.562952255E-08 0.106253236E-07 0.136045343E-07 0.185236212E-07 0.174098535E-07 0.187440122E-07 0.198941757E-07 0.209511046E-07 0.220194865E-07 0.234815908E-07
 0.587471104E-08 0.113302470E-07 0.147795604E-07 0.174098535E-07 0.223063468E-07 0.212585015E-07 0.227812745E-07 0.241850019E-07 0.256045921E-07 0.275473863E-07
 0.606852263E-08 0.118879723E-07 0.157145837E-07 0.187440122E-07 0.212585015E-07 0.262017940E-07 0.253351027E-07 0.271210179E-07 0.289310859E-07 0.314088363E-07
 0.623473329E-08 0.123663077E-07 0.165172216E-07 0.198941757E-07 0.227812745E-07 0.253351027E-07 0.304462471E-07 0.298854808E-07 0.321452247E-07 0.352427019E-07
 0.638734970E-08 0.128055223E-07 0.172542780E-07 0.209511046E-07 0.241850019E-07 0.271210179E-07 0.298854808E-07 0.353476345E-07 0.353681248E-07 0.392205946E-07
 0.654160964E-08 0.132494671E-07 0.179992759E-07 0.220194865E-07 0.256045921E-07 0.289310859E-07 0.321452247E-07 0.353681248E-07 0.415684367E-07 0.436841562E-07
 0.675271687E-08 0.138570137E-07 0.190188195E-07 0.234815908E-07 0.275473863E-07 0.314088363E-07 0.352427019E-07 0.392205946E-07 0.436841562E-07 0.530024274E-07
 0.561005420E-08 0.455155417E-08 0.510781190E-08 0.544167624E-08 0.567954999E-08 0.586757971E-08 0.602883191E-08 0.617689541E-08 0.632655341E-08 0.653136281E-08
 0.455155417E-08 0.105565233E-07 0.934193569E-08 0.102976685E-07 0.109839479E-07 0.115269330E-07 0.119926271E-07 0.124202344E-07 0.128524470E-07 0.134439376E-07
 0.510781190E-08 0.934193569E-08 0.144006434E-07 0.132052324E-07 0.143528994E-07 0.152662682E-07 0.160503342E-07 0.167703377E-07 0.174980989E-07 0.184940539E-07
 0.544167624E-08 0.102976685E-07 0.132052324E-07 0.180774046E-07 0.169294989E-07 0.182365823E-07 0.193635232E-07 0.203991302E-07 0.214459608E-07 0.228785718E-07
 0.567954999E-08 0.109839479E-07 0.143528994E-07 0.169294989E-07 0.217865718E-07 0.207074112E-07 0.222033440E-07 0.235824404E-07 0.249771378E-07 0.268858658E-07
 0.586757971E-08 0.115269330E-07 0.152662682E-07 0.182365823E-07 0.207074112E-07 0.256160323E-07 0.247197166E-07 0.264785108E-07 0.282611914E-07 0.307014658E-07
 0.602883191E-08 0.119926271E-07 0.160503342E-07 0.193635232E-07 0.222033440E-07 0.247197166E-07 0.297990779E-07 0.292094208E-07 0.314400989E-07 0.344978363E-07
 0.617689541E-08 0.124202344E-07 0.167703377E-07 0.203991302E-07 0.235824404E-07 0.264785108E-07 0.292094208E-07 0.346415224E-07 0.346321550E-07 0.384440064E-07
 0.632655341E-08 0.128524470E-07 0.174980989E-07 0.214459608E-07 0.249771378E-07 0.282611914E-07 0.314400989E-07 0.346321550E-07 0.408027692E-07 0.428790883E-07
 0.653136281E-08 0.134439376E-07 0.184940539E-07 0.228785718E-07 0.268858658E-07 0.307014658E-07 0.344978363E-07 0.384440064E-07 0.428790883E-07 0.521644594E-07
 0.550308220E-08 0.439825491E-08 0.493813949E-08 0.526220889E-08 0.549310619E-08 0.567562142E-08 0.583214446E-08 0.597586560E-08 0.612113447E-08 0.631993729E-08
 0.439825491E-08 0.103091171E-07 0.905363190E-08 0.998420022E-08 0.106524968E-07 0.111812636E-07 0.116347642E-07 0.120511752E-07 0.124720709E-07 0.130480743E-07
 0.493813949E-08 0.905363190E-08 0.140543788E-07 0.128219086E-07 0.139428491E-07 0.148350580E-07 0.156009752E-07 0.163043142E-07 0.170152315E-07 0.179881352E-07
 0.526220889E-08 0.998420022E-08 0.128219086E-07 0.176479447E-07 0.164663500E-07 0.177466844E-07 0.188506766E-07 0.198652122E-07 0.208907447E-07 0.222942088E-07
 0.549310619E-08 0.106524968E-07 0.139428491E-07 0.164663500E-07 0.212842122E-07 0.201738199E-07 0.216429590E-07 0.229974622E-07 0.243673039E-07 0.262420168E-07
 0.567562142E-08 0.111812636E-07 0.148350580E-07 0.177466844E-07 0.201738199E-07 0.250475781E-07 0.241214046E-07 0.258528415E-07 0.276078909E-07 0.300103552E-07
 0.583214446E-08 0.116347642E-07 0.156009752E-07 0.188506766E-07 0.216429590E-07 0.241214046E-07 0.291684351E-07 0.285493195E-07 0.307503366E-07 0.337675151E-07
 0.597586560E-08 0.120511752E-07 0.163043142E-07 0.198652122E-07 0.229974622E-07 0.258528415E-07 0.285493195E-07 0.339504181E-07 0.339101614E-07 0.376799562E-07
 0.612113447E-08 0.124720709E-07 0.170152315E-07 0.208907447E-07 0.243673039E-07 0.276078909E-07 0.307503366E-07 0.339101614E-07 0.400494950E-07 0.420841284E-07
 0.631993729E-08 0.130480743E-07 0.179881352E-07 0.222942088E-07 0.262420168E-07 0.300103552E-07 0.337675151E-07 0.376799562E-07 0.420841284E-07 0.513327666E-07
 0.540078713E-08 0.425186619E-08 0.477615916E-08 0.509089750E-08 0.531514855E-08 0.549241030E-08 0.564442801E-08 0.578401231E-08 0.592509980E-08 0.611818032E-08
 0.425186619E-08 0.100730648E-07 0.877832463E-08 0.968468266E-08 0.103356716E-07 0.108507536E-07 0.112925179E-07 0.116981526E-07 0.121081560E-07 0.126692530E-07
 0.477615916E-08 0.877832463E-08 0.137229914E-07 0.124544718E-07 0.135493753E-07 0.144209635E-07 0.151691937E-07 0.158562923E-07 0.165507942E-07 0.175012333E-07
 0.509089750E-08 0.968468266E-08 0.124544718E-07 0.172352764E-07 0.160205411E-07 0.172745331E-07 0.183559197E-07 0.193496983E-07 0.203542504E-07 0.217290024E-07
 0.531514855E-08 0.103356716E-07 0.135493753E-07 0.160205411E-07 0.207995402E-07 0.196581145E-07 0.211006068E-07 0.224306464E-07 0.237757628E-07 0.256166389E-07
 0.549241030E-08 0.108507536E-07 0.144209635E-07 0.172745331E-07 0.196581145E-07 0.244969656E-07 0.235408310E-07 0.252447946E-07 0.269720912E-07 0.293365785E-07
 0.564442801E-08 0.112925179E-07 0.151691937E-07 0.183559197E-07 0.211006068E-07 0.235408310E-07 0.285551427E-07 0.279061506E-07 0.300770637E-07 0.330530728E-07
 0.578401231E-08 0.116981526E-07 0.158562923E-07 0.193496983E-07 0.224306464E-07 0.252447946E-07 0.279061506E-07 0.332754756E-07 0.332034827E-07 0.369300368E-07
 0.592509980E-08 0.121081560E-07 0.165507942E-07 0.203542504E-07 0.237757628E-07 0.269720912E-07 0.300770637E-07 0.332034827E-07 0.393101752E-07 0.413011461E-07
 0.611818032E-08 0.126692530E-07 0.175012333E-07 0.217290024E-07 0.256166389E-07 0.293365785E-07 0.330530728E-07 0.369300368E-07 0.413011461E-07 0.505096157E-07
 0.530335783E-08 0.411246660E-08 0.462191261E-08 0.492776228E-08 0.514568201E-08 0.531793918E-08 0.546566503E-08 0.560130850E-08 0.573841272E-08 0.592604209E-08
 0.411246660E-08 0.984823930E-08 0.851585630E-08 0.939894598E-08 0.100332945E-07 0.105352185E-07 0.109656986E-07 0.113609719E-07 0.117605023E-07 0.123072668E-07
 0.462191261E-08 0.851585630E-08 0.134063458E-07 0.121028199E-07 0.131724025E-07 0.140239312E-07 0.147549550E-07 0.154262543E-07 0.161047869E-07 0.170333715E-07
 0.492776228E-08 0.939894598E-08 0.121028199E-07 0.168393753E-07 0.155921127E-07 0.168202223E-07 0.178793926E-07 0.188527710E-07 0.198367032E-07 0.211832365E-07
 0.514568201E-08 0.100332945E-07 0.131724025E-07 0.155921127E-07 0.203326966E-07 0.191605205E-07 0.205765866E-07 0.218823603E-07 0.232029507E-07 0.250102627E-07
 0.531793918E-08 0.105352185E-07 0.140239312E-07 0.168202223E-07 0.191605205E-07 0.239645343E-07 0.229784370E-07 0.246549058E-07 0.263544236E-07 0.286808976E-07
 0.546566503E-08 0.109656986E-07 0.147549550E-07 0.178793926E-07 0.205765866E-07 0.229784370E-07 0.279597710E-07 0.272806057E-07 0.294210959E-07 0.323554946E-07
 0.560130850E-08 0.113609719E-07 0.154262543E-07 0.188527710E-07 0.218823603E-07 0.246549058E-07 0.272806057E-07 0.326175366E-07 0.325131152E-07 0.361954569E-07
 0.573841272E-08 0.117605023E-07 0.161047869E-07 0.198367032E-07 0.232029507E-07 0.263544236E-07 0.294210959E-07 0.325131152E-07 0.385859956E-07 0.405315910E-07
 0.592604209E-08 0.123072668E-07 0.170333715E-07 0.211832365E-07 0.250102627E-07 0.286808976E-07 0.323554946E-07 0.361954569E-07 0.405315910E-07 0.496968034E-07
 0.521126297E-08 0.398048368E-08 0.447580747E-08 0.477319938E-08 0.498509454E-08 0.515258961E-08 0.529623155E-08 0.542812512E-08 0.556143907E-08 0.574388138E-08
 0.398048368E-08 0.963493431E-08 0.826649715E-08 0.912725190E-08 0.974562165E-08 0.102349103E-07 0.106545541E-07 0.110398776E-07 0.114293509E-07 0.119623521E-07
 0.447580747E-08 0.826649715E-08 0.131047302E-07 0.117672699E-07 0.128122715E-07 0.136443209E-07 0.143586354E-07 0.150145918E-07 0.156776162E-07 0.165849776E-07
 0.477319938E-08 0.912725190E-08 0.117672699E-07 0.164606264E-07 0.151815069E-07 0.163842412E-07 0.174216254E-07 0.183749978E-07 0.193387085E-07 0.206575684E-07
 0.498509454E-08 0.974562165E-08 0.128122715E-07 0.151815069E-07 0.198842123E-07 0.186816443E-07 0.200715710E-07 0.213533376E-07 0.226496629E-07 0.244237679E-07
 0.515258961E-08 0.102349103E-07 0.136443209E-07 0.163842412E-07 0.186816443E-07 0.234509933E-07 0.224350233E-07 0.240840610E-07 0.257558603E-07 0.280444030E-07
 0.529623155E-08 0.106545541E-07 0.143586354E-07 0.174216254E-07 0.200715710E-07 0.224350233E-07 0.273832378E-07 0.266737135E-07 0.287835741E-07 0.316760759E-07
 0.542812512E-08 0.110398776E-07 0.150145918E-07 0.183749978E-07 0.213533376E-07 0.240840610E-07 0.266737135E-07 0.319777665E-07 0.318403658E-07 0.354777176E-07
 0.556143907E-08 0.114293509E-07 0.156776162E-07 0.193387085E-07 0.226496629E-07 0.257558603E-07 0.287835741E-07 0.318403658E-07 0.378784376E-07 0.397771871E-07
 0.574388138E-08 0.119623521E-07 0.165849776E-07 0.206575684E-07 0.244237679E-07 0.280444030E-07 0.316760759E-07 0.354777176E-07 0.397771871E-07 0.488963753E-07
 0.512479188E-08 0.385614057E-08 0.433804492E-08 0.462739725E-08 0.483356555E-08 0.499653385E-08 0.513629368E-08 0.526462266E-08 0.539433362E-08 0.557184519E-08
 0.385614057E-08 0.943325041E-08 0.803033484E-08 0.886968532E-08 0.947273638E-08 0.994991114E-08 0.103591660E-07 0.107349501E-07 0.111147814E-07 0.116345874E-07
 0.433804492E-08 0.803033484E-08 0.128182622E-07 0.114479742E-07 0.124691624E-07 0.132823353E-07 0.139804567E-07 0.146215442E-07 0.152695395E-07 0.161563334E-07
 0.462739725E-08 0.886968532E-08 0.114479742E-07 0.160992550E-07 0.147890093E-07 0.159669251E-07 0.169829962E-07 0.179167963E-07 0.188607238E-07 0.201525100E-07
 0.483356555E-08 0.947273638E-08 0.124691624E-07 0.147890093E-07 0.194544643E-07 0.182219398E-07 0.195860814E-07 0.208441619E-07 0.221165460E-07 0.238578870E-07
 0.499653385E-08 0.994991114E-08 0.132823353E-07 0.159669251E-07 0.182219398E-07 0.229569002E-07 0.219112397E-07 0.235329956E-07 0.251772235E-07 0.274280358E-07
 0.513629368E-08 0.103591660E-07 0.139804567E-07 0.169829962E-07 0.195860814E-07 0.219112397E-07 0.268263098E-07 0.260863507E-07 0.281654874E-07 0.310159592E-07
 0.526462266E-08 0.107349501E-07 0.146215442E-07 0.179167963E-07 0.208441619E-07 0.235329956E-07 0.260863507E-07 0.313571781E-07 0.311863871E-07 0.347781643E-07
 0.539433362E-08 0.111147814E-07 0.152695395E-07 0.188607238E-07 0.221165460E-07 0.251772235E-07 0.281654874E-07 0.311863871E-07 0.371888260E-07 0.390394991E-07
 0.557184519E-08 0.116345874E-07 0.161563334E-07 0.201525100E-07 0.238578870E-07 0.274280358E-07 0.310159592E-07 0.347781643E-07 0.390394991E-07 0.481102118E-07
 0.504410598E-08 0.373951015E-08 0.420866535E-08 0.449037725E-08 0.469110289E-08 0.484976904E-08 0.498583940E-08 0.511078066E-08 0.523706743E-08 0.540989294E-08
 0.373951015E-08 0.924307075E-08 0.780720450E-08 0.862605746E-08 0.921443342E-08 0.968000273E-08 0.100793046E-07 0.104459498E-07 0.108165437E-07 0.113237081E-07
 0.420866535E-08 0.780720450E-08 0.125467576E-07 0.111447532E-07 0.121429017E-07 0.129378059E-07 0.136202551E-07 0.142469518E-07 0.148804014E-07 0.157472892E-07
 0.449037725E-08 0.862605746E-08 0.111447532E-07 0.157551179E-07 0.144145111E-07 0.155681942E-07 0.165634502E-07 0.174781347E-07 0.184027407E-07 0.196680850E-07
 0.469110289E-08 0.921443342E-08 0.121429017E-07 0.144145111E-07 0.190434052E-07 0.177814133E-07 0.191201711E-07 0.203549301E-07 0.216037409E-07 0.233128215E-07
 0.484976904E-08 0.968000273E-08 0.129378059E-07 0.155681942E-07 0.177814133E-07 0.224823384E-07 0.214072394E-07 0.230019279E-07 0.246187975E-07 0.268321706E-07
 0.498583940E-08 0.100793046E-07 0.136202551E-07 0.165634502E-07 0.191201711E-07 0.214072394E-07 0.262892329E-07 0.255188508E-07 0.275672587E-07 0.303756902E-07
 0.511078066E-08 0.104459498E-07 0.142469518E-07 0.174781347E-07 0.203549301E-07 0.230019279E-07 0.255188508E-07 0.307562164E-07 0.305517396E-07 0.340975163E-07
 0.523706743E-08 0.108165437E-07 0.148804014E-07 0.184027407E-07 0.216037409E-07 0.246187975E-07 0.275672587E-07 0.305517396E-07 0.365178669E-07 0.383194358E-07
 0.540989294E-08 0.113237081E-07 0.157472892E-07 0.196680850E-07 0.233128215E-07 0.268321706E-07 0.303756902E-07 0.340975163E-07 0.383194358E-07 0.473394970E-07
 0.496882398E-08 0.362998909E-08 0.408699353E-08 0.436142172E-08 0.455695866E-08 0.471152340E-08 0.484407643E-08 0.496578806E-08 0.508881041E-08 0.525716851E-08
 0.362998909E-08 0.906340449E-08 0.759600225E-08 0.839520122E-08 0.896950107E-08 0.942393817E-08 0.981369286E-08 0.101715717E-07 0.105333048E-07 0.110283432E-07
 0.408699353E-08 0.759600225E-08 0.122890134E-07 0.108563594E-07 0.118322130E-07 0.126094339E-07 0.132767123E-07 0.138894787E-07 0.145088480E-07 0.153564665E-07
 0.436142172E-08 0.839520122E-08 0.108563594E-07 0.154269481E-07 0.140567389E-07 0.151867716E-07 0.161617082E-07 0.170577317E-07 0.179634754E-07 0.192030064E-07
 0.455695866E-08 0.896950107E-08 0.118322130E-07 0.140567389E-07 0.186497784E-07 0.173588262E-07 0.186726182E-07 0.198844357E-07 0.211100568E-07 0.227874018E-07
 0.471152340E-08 0.942393817E-08 0.126094339E-07 0.151867716E-07 0.173588262E-07 0.220261083E-07 0.209218595E-07 0.224897298E-07 0.240794893E-07 0.262557622E-07
 0.484407643E-08 0.981369286E-08 0.132767123E-07 0.161617082E-07 0.186726182E-07 0.209218595E-07 0.257709011E-07 0.249701631E-07 0.269878940E-07 0.297543522E-07
 0.496578806E-08 0.101715717E-07 0.138894787E-07 0.170577317E-07 0.198844357E-07 0.224897298E-07 0.249701631E-07 0.301739078E-07 0.299355301E-07 0.334349912E-07
 0.508881041E-08 0.105333048E-07 0.145088480E-07 0.179634754E-07 0.211100568E-07 0.240794893E-07 0.269878940E-07 0.299355301E-07 0.358647751E-07 0.376163642E-07
 0.525716851E-08 0.110283432E-07 0.153564665E-07 0.192030064E-07 0.227874018E-07 0.262557622E-07 0.297543522E-07 0.334349912E-07 0.376163642E-07 0.465838172E-07
 0.489836643E-08 0.352688555E-08 0.397230470E-08 0.423978654E-08 0.443037497E-08 0.458102817E-08 0.471022671E-08 0.482885821E-08 0.494876725E-08 0.511286475E-08
 0.352688555E-08 0.889339929E-08 0.739584090E-08 0.817621257E-08 0.873702374E-08 0.918079271E-08 0.956139821E-08 0.991087614E-08 0.102641179E-07 0.107475356E-07
 0.397230470E-08 0.739584090E-08 0.120441345E-07 0.105819065E-07 0.115362189E-07 0.122963492E-07 0.129489647E-07 0.135482673E-07 0.141540275E-07 0.149830219E-07
 0.423978654E-08 0.817621257E-08 0.105819065E-07 0.151138971E-07 0.137148783E-07 0.148218718E-07 0.157770095E-07 0.166548494E-07 0.175422135E-07 0.187565916E-07
 0.443037497E-08 0.873702374E-08 0.115362189E-07 0.137148783E-07 0.182728285E-07 0.169534739E-07 0.182427632E-07 0.194320607E-07 0.206349177E-07 0.222811096E-07
 0.458102817E-08 0.918079271E-08 0.122963492E-07 0.148218718E-07 0.169534739E-07 0.215875784E-07 0.204545341E-07 0.219958963E-07 0.235588560E-07 0.256984530E-07
 0.471022671E-08 0.956139821E-08 0.129489647E-07 0.157770095E-07 0.182427632E-07 0.204545341E-07 0.252708352E-07 0.244398902E-07 0.264270793E-07 0.291517461E-07
 0.482885821E-08 0.991087614E-08 0.135482673E-07 0.166548494E-07 0.194320607E-07 0.219958963E-07 0.244398902E-07 0.296099589E-07 0.293375727E-07 0.327905513E-07
 0.494876725E-08 0.102641179E-07 0.141540275E-07 0.175422135E-07 0.206349177E-07 0.235588560E-07 0.264270793E-07 0.293375727E-07 0.352295004E-07 0.369304230E-07
 0.511286475E-08 0.107475356E-07 0.149830219E-07 0.187565916E-07 0.222811096E-07 0.256984530E-07 0.291517461E-07 0.327905513E-07 0.369304230E-07 0.458435675E-07
 0.483176056E-08 0.342901412E-08 0.386334714E-08 0.412418074E-08 0.431003297E-08 0.445694242E-08 0.458293036E-08 0.469861385E-08 0.481554315E-08 0.497556281E-08
 0.342901412E-08 0.873152565E-08 0.720508667E-08 0.796739889E-08 0.851526725E-08 0.894879942E-08 0.932062560E-08 0.966204224E-08 0.100071359E-07 0.104794028E-07
 0.386334714E-08 0.720508667E-08 0.118103893E-07 0.103196168E-07 0.112531109E-07 0.119967196E-07 0.126351599E-07 0.132214460E-07 0.138140497E-07 0.146250392E-07
 0.412418074E-08 0.796739889E-08 0.103196168E-07 0.148141601E-07 0.133871124E-07 0.144716697E-07 0.154075225E-07 0.162676502E-07 0.171371110E-07 0.183269882E-07
 0.431003297E-08 0.851526725E-08 0.112531109E-07 0.133871124E-07 0.179107455E-07 0.165635567E-07 0.178288160E-07 0.189960243E-07 0.201765521E-07 0.217921860E-07
 0.445694242E-08 0.894879942E-08 0.119967196E-07 0.144716697E-07 0.165635567E-07 0.211649771E-07 0.200035191E-07 0.215187095E-07 0.230552061E-07 0.251585877E-07
 0.458293036E-08 0.932062560E-08 0.126351599E-07 0.154075225E-07 0.178288160E-07 0.200035191E-07 0.247873365E-07 0.239263780E-07 0.258832061E-07 0.285663257E-07
 0.469861385E-08 0.966204224E-08 0.132214460E-07 0.162676502E-07 0.189960243E-07 0.215187095E-07 0.239263780E-07 0.290627794E-07 0.287563443E-07 0.321627661E-07
 0.481554315E-08 0.100071359E-07 0.138140497E-07 0.171371110E-07 0.201765521E-07 0.230552061E-07 0.258832061E-07 0.287563443E-07 0.346106120E-07 0.362603115E-07
 0.497556281E-08 0.104794028E-07 0.146250392E-07 0.183269882E-07 0.217921860E-07 0.251585877E-07 0.285663257E-07 0.321627661E-07 0.362603115E-07 0.451176388E-07
 0.476797056E-08 0.333514250E-08 0.375882581E-08 0.401327221E-08 0.419457409E-08 0.433788671E-08 0.446079006E-08 0.457364124E-08 0.468770772E-08 0.484380957E-08
 0.333514250E-08 0.857622143E-08 0.702207238E-08 0.776703365E-08 0.830246322E-08 0.872615684E-08 0.908954521E-08 0.942321415E-08 0.976047668E-08 0.102220265E-07
 0.375882581E-08 0.702207238E-08 0.115860090E-07 0.100676727E-07 0.109810392E-07 0.117086699E-07 0.123334008E-07 0.129070983E-07 0.134869778E-07 0.142805540E-07
 0.401327221E-08 0.776703365E-08 0.100676727E-07 0.145258889E-07 0.130715778E-07 0.141342915E-07 0.150513646E-07 0.158942435E-07 0.167462695E-07 0.179122868E-07
 0.419457409E-08 0.830246322E-08 0.109810392E-07 0.130715778E-07 0.175616694E-07 0.161872211E-07 0.174289301E-07 0.185744864E-07 0.197331266E-07 0.213188067E-07
 0.433788671E-08 0.872615684E-08 0.117086699E-07 0.141342915E-07 0.161872211E-07 0.207564752E-07 0.195670087E-07 0.210563863E-07 0.225667795E-07 0.246344376E-07
 0.446079006E-08 0.908954521E-08 0.123334008E-07 0.150513646E-07 0.174289301E-07 0.195670087E-07 0.243186405E-07 0.234279018E-07 0.253545910E-07 0.279964644E-07
 0.457364124E-08 0.942321415E-08 0.129070983E-07 0.158942435E-07 0.185744864E-07 0.210563863E-07 0.234279018E-07 0.285307036E-07 0.281902411E-07 0.315501173E-07
 0.468770772E-08 0.976047668E-08 0.134869778E-07 0.167462695E-07 0.197331266E-07 0.225667795E-07 0.253545910E-07 0.281902411E-07 0.340065922E-07 0.356046333E-07
 0.484380957E-08 0.102220265E-07 0.142805540E-07 0.179122868E-07 0.213188067E-07 0.246344376E-07 0.279964644E-07 0.315501173E-07 0.356046333E-07 0.444048163E-07
 0.470610170E-08 0.324422023E-08 0.365764225E-08 0.390593407E-08 0.408285128E-08 0.422269801E-08 0.434262905E-08 0.445275103E-08 0.456405892E-08 0.471638559E-08
 0.324422023E-08 0.842619048E-08 0.684542734E-08 0.757370429E-08 0.809716958E-08 0.851139958E-08 0.886667169E-08 0.919288817E-08 0.952261797E-08 0.997385917E-08
 0.365764225E-08 0.684542734E-08 0.113695538E-07 0.982460288E-08 0.107185121E-07 0.114306928E-07 0.120421666E-07 0.126036909E-07 0.131712661E-07 0.139480035E-07
 0.390593407E-08 0.757370429E-08 0.982460288E-08 0.142475972E-07 0.127667835E-07 0.138082441E-07 0.147070412E-07 0.155331334E-07 0.163681917E-07 0.175109882E-07
 0.408285128E-08 0.809716958E-08 0.107185121E-07 0.127667835E-07 0.172241217E-07 0.158230025E-07 0.170416537E-07 0.181660075E-07 0.193032138E-07 0.208595611E-07
 0.422269801E-08 0.851139958E-08 0.114306928E-07 0.138082441E-07 0.158230025E-07 0.203606381E-07 0.191435974E-07 0.206075482E-07 0.220922256E-07 0.241246900E-07
 0.434262905E-08 0.886667169E-08 0.120421666E-07 0.147070412E-07 0.170416537E-07 0.191435974E-07 0.238633866E-07 0.229431450E-07 0.248399625E-07 0.274409522E-07
 0.445275103E-08 0.919288817E-08 0.126036909E-07 0.155331334E-07 0.181660075E-07 0.206075482E-07 0.229431450E-07 0.280124768E-07 0.276380730E-07 0.309515040E-07
 0.456405892E-08 0.952261797E-08 0.131712661E-07 0.163681917E-07 0.193032138E-07 0.220922256E-07 0.248399625E-07 0.276380730E-07 0.334163387E-07 0.349624100E-07
 0.471638559E-08 0.997385917E-08 0.139480035E-07 0.175109882E-07 0.208595611E-07 0.241246900E-07 0.274409522E-07 0.309515040E-07 0.349624100E-07 0.437043024E-07
 0.464570859E-08 0.315572522E-08 0.355924727E-08 0.380160114E-08 0.397428794E-08 0.411079072E-08 0.422785403E-08 0.433534283E-08 0.444398918E-08 0.459267350E-08
 0.315572522E-08 0.828075872E-08 0.667442182E-08 0.738665032E-08 0.789860424E-08 0.830372854E-08 0.865119130E-08 0.897023714E-08 0.929271908E-08 0.973404145E-08
 0.355924727E-08 0.667442182E-08 0.111602393E-07 0.958959964E-08 0.104647073E-07 0.111619546E-07 0.117606142E-07 0.123103719E-07 0.128660537E-07 0.136265148E-07
 0.380160114E-08 0.738665032E-08 0.958959964E-08 0.139784684E-07 0.124719125E-07 0.134927117E-07 0.143737376E-07 0.151835063E-07 0.160020649E-07 0.171222813E-07
 0.397428794E-08 0.789860424E-08 0.104647073E-07 0.124719125E-07 0.168973005E-07 0.154701148E-07 0.166662155E-07 0.177698296E-07 0.188860696E-07 0.204137240E-07
 0.411079072E-08 0.830372854E-08 0.111619546E-07 0.134927117E-07 0.154701148E-07 0.199767109E-07 0.187325595E-07 0.201714974E-07 0.216308746E-07 0.236287139E-07
 0.422785403E-08 0.865119130E-08 0.117606142E-07 0.143737376E-07 0.166662155E-07 0.187325595E-07 0.234208941E-07 0.224714703E-07 0.243387279E-07 0.268992576E-07
 0.433534283E-08 0.897023714E-08 0.123103719E-07 0.151835063E-07 0.177698296E-07 0.201714974E-07 0.224714703E-07 0.275075220E-07 0.270993263E-07 0.303665000E-07
 0.444398918E-08 0.929271908E-08 0.128660537E-07 0.160020649E-07 0.188860696E-07 0.216308746E-07 0.243387279E-07 0.270993263E-07 0.328394234E-07 0.343333336E-07
 0.459267350E-08 0.973404145E-08 0.136265148E-07 0.171222813E-07 0.204137240E-07 0.236287139E-07 0.268992576E-07 0.303665000E-07 0.343333336E-07 0.430159645E-07
 0.458683866E-08 0.306966294E-08 0.346362568E-08 0.370024597E-08 0.386884793E-08 0.400212183E-08 0.411641609E-08 0.422136231E-08 0.432743871E-08 0.447260601E-08
 0.306966294E-08 0.813979324E-08 0.650886325E-08 0.720564553E-08 0.770651730E-08 0.810287510E-08 0.844281941E-08 0.875496170E-08 0.907046575E-08 0.950223875E-08
 0.346362568E-08 0.650886325E-08 0.109578065E-07 0.936237249E-08 0.102193135E-07 0.109021279E-07 0.114884025E-07 0.120267875E-07 0.125709740E-07 0.133157036E-07
 0.370024597E-08 0.720564553E-08 0.936237249E-08 0.137181901E-07 0.121866425E-07 0.131873651E-07 0.140511193E-07 0.148450228E-07 0.156475449E-07 0.167458150E-07
 0.386884793E-08 0.770651730E-08 0.102193135E-07 0.121866425E-07 0.165808862E-07 0.151282444E-07 0.163023077E-07 0.173856510E-07 0.184813981E-07 0.199810074E-07
 0.400212183E-08 0.810287510E-08 0.109021279E-07 0.131873651E-07 0.151282444E-07 0.196043991E-07 0.183336198E-07 0.197479771E-07 0.211824886E-07 0.231462970E-07
 0.411641609E-08 0.844281941E-08 0.114884025E-07 0.140511193E-07 0.163023077E-07 0.183336198E-07 0.229909209E-07 0.220126684E-07 0.238507114E-07 0.263712514E-07
 0.422136231E-08 0.875496170E-08 0.120267875E-07 0.148450228E-07 0.173856510E-07 0.197479771E-07 0.220126684E-07 0.270156782E-07 0.265738911E-07 0.297950660E-07
 0.432743871E-08 0.907046575E-08 0.125709740E-07 0.156475449E-07 0.184813981E-07 0.211824886E-07 0.238507114E-07 0.265738911E-07 0.322758081E-07 0.337174672E-07
 0.447260601E-08 0.950223875E-08 0.133157036E-07 0.167458150E-07 0.199810074E-07 0.231462970E-07 0.263712514E-07 0.297950660E-07 0.337174672E-07 0.423400187E-07
 0.452986955E-08 0.298639940E-08 0.337113137E-08 0.360221535E-08 0.376687297E-08 0.389702905E-08 0.400864949E-08 0.411114060E-08 0.421473543E-08 0.435650668E-08
 0.298639940E-08 0.800356152E-08 0.634897241E-08 0.703088462E-08 0.752108514E-08 0.790900120E-08 0.824170556E-08 0.854720003E-08 0.885598466E-08 0.927856203E-08
 0.337113137E-08 0.634897241E-08 0.107624243E-07 0.914306664E-08 0.998246091E-08 0.106513316E-07 0.112256401E-07 0.117530372E-07 0.122861176E-07 0.130156481E-07
 0.360221535E-08 0.703088462E-08 0.914306664E-08 0.134668943E-07 0.119111010E-07 0.128923299E-07 0.137393102E-07 0.145178053E-07 0.153047525E-07 0.163817082E-07
 0.376687297E-08 0.752108514E-08 0.998246091E-08 0.119111010E-07 0.162750147E-07 0.147975370E-07 0.159500857E-07 0.170136359E-07 0.180893726E-07 0.195615971E-07
 0.389702905E-08 0.790900120E-08 0.106513316E-07 0.128923299E-07 0.147975370E-07 0.192438715E-07 0.179469692E-07 0.193371995E-07 0.207473014E-07 0.226777029E-07
 0.400864949E-08 0.824170556E-08 0.112256401E-07 0.137393102E-07 0.159500857E-07 0.179469692E-07 0.225736938E-07 0.215670011E-07 0.233762112E-07 0.258572810E-07
 0.411114060E-08 0.854720003E-08 0.117530372E-07 0.145178053E-07 0.170136359E-07 0.193371995E-07 0.215670011E-07 0.265372575E-07 0.260621322E-07 0.292376396E-07
 0.421473543E-08 0.885598466E-08 0.122861176E-07 0.153047525E-07 0.180893726E-07 0.207473014E-07 0.233762112E-07 0.260621322E-07 0.317259302E-07 0.331153510E-07
 0.435650668E-08 0.927856203E-08 0.130156481E-07 0.163817082E-07 0.195615971E-07 0.226777029E-07 0.258572810E-07 0.292376396E-07 0.331153510E-07 0.416771584E-07
 0.447530667E-08 0.290648711E-08 0.328232343E-08 0.350807227E-08 0.366892884E-08 0.379608035E-08 0.390512411E-08 0.400524927E-08 0.410645269E-08 0.424495124E-08
 0.290648711E-08 0.787261665E-08 0.619528353E-08 0.686289180E-08 0.734282508E-08 0.772261872E-08 0.804835696E-08 0.834745505E-08 0.864977442E-08 0.906350395E-08
 0.328232343E-08 0.619528353E-08 0.105746010E-07 0.893218081E-08 0.975464297E-08 0.104100549E-07 0.109728132E-07 0.114896042E-07 0.120119641E-07 0.127268236E-07
 0.350807227E-08 0.686289180E-08 0.893218081E-08 0.132250773E-07 0.116457873E-07 0.126081088E-07 0.134388165E-07 0.142023630E-07 0.149742002E-07 0.160304775E-07
 0.366892884E-08 0.734282508E-08 0.975464297E-08 0.116457873E-07 0.159801988E-07 0.144785197E-07 0.156100895E-07 0.166543363E-07 0.177105575E-07 0.191560743E-07
 0.379608035E-08 0.772261872E-08 0.104100549E-07 0.126081088E-07 0.144785197E-07 0.188956804E-07 0.175731846E-07 0.189397646E-07 0.203259365E-07 0.222235869E-07
 0.390512411E-08 0.804835696E-08 0.109728132E-07 0.134388165E-07 0.156100895E-07 0.175731846E-07 0.221698264E-07 0.211351176E-07 0.229159130E-07 0.253580826E-07
 0.400524927E-08 0.834745505E-08 0.114896042E-07 0.142023630E-07 0.166543363E-07 0.189397646E-07 0.211351176E-07 0.260729588E-07 0.255648008E-07 0.286950445E-07
 0.410645269E-08 0.864977442E-08 0.120119641E-07 0.149742002E-07 0.177105575E-07 0.203259365E-07 0.229159130E-07 0.255648008E-07 0.311906120E-07 0.325279075E-07
 0.424495124E-08 0.906350395E-08 0.127268236E-07 0.160304775E-07 0.191560743E-07 0.222235869E-07 0.253580826E-07 0.286950445E-07 0.325279075E-07 0.410284537E-07
 0.442346948E-08 0.283024951E-08 0.319751946E-08 0.341813087E-08 0.357532721E-08 0.369958546E-08 0.380614800E-08 0.390399488E-08 0.400289548E-08 0.413824259E-08
 0.283024951E-08 0.774722190E-08 0.604802231E-08 0.670187154E-08 0.717192668E-08 0.754390546E-08 0.786294134E-08 0.815588523E-08 0.845198412E-08 0.885720081E-08
 0.319751946E-08 0.604802231E-08 0.103945148E-07 0.872987047E-08 0.953600046E-08 0.101784273E-07 0.107300414E-07 0.112365991E-07 0.117486155E-07 0.124493197E-07
 0.341813087E-08 0.670187154E-08 0.872987047E-08 0.129928779E-07 0.113908332E-07 0.123348292E-07 0.131497618E-07 0.138988162E-07 0.146560048E-07 0.156922352E-07
 0.357532721E-08 0.717192668E-08 0.953600046E-08 0.113908332E-07 0.156965730E-07 0.141713320E-07 0.152824642E-07 0.163079027E-07 0.173451083E-07 0.187646016E-07
 0.369958546E-08 0.754390546E-08 0.101784273E-07 0.123348292E-07 0.141713320E-07 0.185599818E-07 0.172124380E-07 0.185558600E-07 0.199185975E-07 0.217841748E-07
 0.380614800E-08 0.786294134E-08 0.107300414E-07 0.131497618E-07 0.152824642E-07 0.172124380E-07 0.217795186E-07 0.207172457E-07 0.224700734E-07 0.248739521E-07
 0.390399488E-08 0.815588523E-08 0.112365991E-07 0.138988162E-07 0.163079027E-07 0.185558600E-07 0.207172457E-07 0.256230511E-07 0.250822096E-07 0.281676535E-07
 0.400289548E-08 0.845198412E-08 0.117486155E-07 0.146560048E-07 0.173451083E-07 0.199185975E-07 0.224700734E-07 0.250822096E-07 0.306702278E-07 0.319555982E-07
 0.413824259E-08 0.885720081E-08 0.124493197E-07 0.156922352E-07 0.187646016E-07 0.217841748E-07 0.248739521E-07 0.281676535E-07 0.319555982E-07 0.403944995E-07
 0.437446422E-08 0.275775821E-08 0.311677476E-08 0.333243674E-08 0.348610677E-08 0.360757762E-08 0.371174972E-08 0.380740167E-08 0.390408371E-08 0.403639467E-08
 0.275775821E-08 0.762734012E-08 0.590710070E-08 0.654770630E-08 0.700825155E-08 0.737270656E-08 0.768528972E-08 0.797230864E-08 0.826241874E-08 0.865943967E-08
 0.311677476E-08 0.590710070E-08 0.102220139E-07 0.853595034E-08 0.932632537E-08 0.995622306E-08 0.104970839E-07 0.109937672E-07 0.114958028E-07 0.121828481E-07
 0.333243674E-08 0.654770630E-08 0.853595034E-08 0.127700806E-07 0.111460052E-07 0.120722448E-07 0.128718888E-07 0.136068979E-07 0.143498893E-07 0.153666905E-07
 0.348610677E-08 0.700825155E-08 0.932632537E-08 0.111460052E-07 0.154238937E-07 0.138757257E-07 0.149669581E-07 0.159740804E-07 0.169927675E-07 0.183869176E-07
 0.360757762E-08 0.737270656E-08 0.995622306E-08 0.120722448E-07 0.138757257E-07 0.182365316E-07 0.168644915E-07 0.181852540E-07 0.195250590E-07 0.213592498E-07
 0.371174972E-08 0.768528972E-08 0.104970839E-07 0.128718888E-07 0.149669581E-07 0.168644915E-07 0.214025488E-07 0.203131808E-07 0.220385055E-07 0.244047272E-07
 0.380740167E-08 0.797230864E-08 0.109937672E-07 0.136068979E-07 0.159740804E-07 0.181852540E-07 0.203131808E-07 0.251873589E-07 0.246142146E-07 0.276553665E-07
 0.390408371E-08 0.826241874E-08 0.114958028E-07 0.143498893E-07 0.169927675E-07 0.195250590E-07 0.220385055E-07 0.246142146E-07 0.301646817E-07 0.313983962E-07
 0.403639467E-08 0.865943967E-08 0.121828481E-07 0.153666905E-07 0.183869176E-07 0.213592498E-07 0.244047272E-07 0.276553665E-07 0.313983962E-07 0.397753809E-07
 0.432824872E-08 0.268893610E-08 0.303999611E-08 0.325088707E-08 0.340115788E-08 0.351994180E-08 0.362180961E-08 0.371534574E-08 0.380988917E-08 0.393927342E-08
 0.268893610E-08 0.751278904E-08 0.577228434E-08 0.640013135E-08 0.685151352E-08 0.720871894E-08 0.751508452E-08 0.779639435E-08 0.808073388E-08 0.846985768E-08
 0.303999611E-08 0.577228434E-08 0.100567968E-07 0.835008270E-08 0.912525562E-08 0.974306107E-08 0.102735433E-07 0.107606961E-07 0.112530985E-07 0.119269607E-07
 0.325088707E-08 0.640013135E-08 0.835008270E-08 0.125563140E-07 0.109109121E-07 0.118199495E-07 0.126047791E-07 0.133261780E-07 0.140554120E-07 0.150533860E-07
 0.340115788E-08 0.685151352E-08 0.912525562E-08 0.109109121E-07 0.151617568E-07 0.135912891E-07 0.146631540E-07 0.156524471E-07 0.166531079E-07 0.180225884E-07
 0.351994180E-08 0.720871894E-08 0.974306107E-08 0.118199495E-07 0.135912891E-07 0.179249193E-07 0.165289378E-07 0.178275430E-07 0.191449212E-07 0.209484175E-07
 0.362180961E-08 0.751508452E-08 0.102735433E-07 0.126047791E-07 0.146631540E-07 0.165289378E-07 0.210385229E-07 0.199225427E-07 0.216208438E-07 0.239500626E-07
 0.371534574E-08 0.779639435E-08 0.107606961E-07 0.133261780E-07 0.156524471E-07 0.178275430E-07 0.199225427E-07 0.247655277E-07 0.241604887E-07 0.271578951E-07
 0.380988917E-08 0.808073388E-08 0.112530985E-07 0.140554120E-07 0.166531079E-07 0.191449212E-07 0.216208438E-07 0.241604887E-07 0.296736904E-07 0.308560807E-07
 0.393927342E-08 0.846985768E-08 0.119269607E-07 0.150533860E-07 0.180225884E-07 0.209484175E-07 0.239500626E-07 0.271578951E-07 0.308560807E-07 0.391709809E-07
 0.428459597E-08 0.262350424E-08 0.296688603E-08 0.317317329E-08 0.332016410E-08 0.343635531E-08 0.353599964E-08 0.362749414E-08 0.371997397E-08 0.384653413E-08
 0.262350424E-08 0.740318305E-08 0.564313877E-08 0.625868353E-08 0.670122915E-08 0.705144312E-08 0.735181247E-08 0.762761649E-08 0.790639092E-08 0.828789878E-08
 0.296688603E-08 0.564313877E-08 0.989836520E-08 0.817173448E-08 0.893223423E-08 0.953836565E-08 0.100588277E-07 0.105367793E-07 0.110198815E-07 0.116810159E-07
 0.317317329E-08 0.625868353E-08 0.817173448E-08 0.123510108E-07 0.106849657E-07 0.115773393E-07 0.123478157E-07 0.130560274E-07 0.137719317E-07 0.147516637E-07
 0.332016410E-08 0.670122915E-08 0.893223423E-08 0.106849657E-07 0.149095587E-07 0.133174094E-07 0.143704321E-07 0.153423769E-07 0.163254971E-07 0.176709726E-07
 0.343635531E-08 0.705144312E-08 0.953836565E-08 0.115773393E-07 0.133174094E-07 0.176245308E-07 0.162051637E-07 0.174821152E-07 0.187775742E-07 0.205510701E-07
 0.353599964E-08 0.735181247E-08 0.100588277E-07 0.123478157E-07 0.143704321E-07 0.162051637E-07 0.206868377E-07 0.195447392E-07 0.212165078E-07 0.235093938E-07
 0.362749414E-08 0.762761649E-08 0.105367793E-07 0.130560274E-07 0.153423769E-07 0.174821152E-07 0.195447392E-07 0.243569871E-07 0.237204859E-07 0.266747266E-07
 0.371997397E-08 0.790639092E-08 0.110198815E-07 0.137719317E-07 0.163254971E-07 0.187775742E-07 0.212165078E-07 0.237204859E-07 0.291967469E-07 0.303282009E-07
 0.384653413E-08 0.828789878E-08 0.116810159E-07 0.147516637E-07 0.176709726E-07 0.205510701E-07 0.235093938E-07 0.266747266E-07 0.303282009E-07 0.385809450E-07
 0.424320686E-08 0.256111493E-08 0.289708051E-08 0.309892171E-08 0.324274481E-08 0.335643207E-08 0.345392904E-08 0.354345182E-08 0.363393868E-08 0.375777145E-08
 0.256111493E-08 0.729808537E-08 0.551918636E-08 0.612286113E-08 0.655687967E-08 0.690034689E-08 0.719492988E-08 0.746542078E-08 0.773882485E-08 0.811298330E-08
 0.289708051E-08 0.551918636E-08 0.974618758E-08 0.800034435E-08 0.874667976E-08 0.934153964E-08 0.985232675E-08 0.103213940E-07 0.107955161E-07 0.114443612E-07
 0.309892171E-08 0.612286113E-08 0.800034435E-08 0.121535810E-07 0.104675585E-07 0.113437944E-07 0.121003676E-07 0.127958055E-07 0.134987978E-07 0.144608594E-07
 0.324274481E-08 0.655687967E-08 0.874667976E-08 0.104675585E-07 0.146666804E-07 0.130534606E-07 0.140881610E-07 0.150432337E-07 0.160092944E-07 0.173314233E-07
 0.335643207E-08 0.690034689E-08 0.934153964E-08 0.113437944E-07 0.130534606E-07 0.173347400E-07 0.158925452E-07 0.171483494E-07 0.184223992E-07 0.201665927E-07
 0.345392904E-08 0.719492988E-08 0.985232675E-08 0.121003676E-07 0.140881610E-07 0.158925452E-07 0.203468798E-07 0.191791683E-07 0.208249078E-07 0.230821479E-07
 0.354345182E-08 0.746542078E-08 0.103213940E-07 0.127958055E-07 0.150432337E-07 0.171483494E-07 0.191791683E-07 0.239611570E-07 0.232936495E-07 0.262053373E-07
 0.363393868E-08 0.773882485E-08 0.107955161E-07 0.134987978E-07 0.160092944E-07 0.184223992E-07 0.208249078E-07 0.232936495E-07 0.287333326E-07 0.298142930E-07
 0.375777145E-08 0.811298330E-08 0.114443612E-07 0.144608594E-07 0.173314233E-07 0.201665927E-07 0.230821479E-07 0.262053373E-07 0.298142930E-07 0.380049020E-07
 0.420374457E-08 0.250136772E-08 0.283015811E-08 0.302769830E-08 0.316845705E-08 0.327972206E-08 0.337514174E-08 0.346275713E-08 0.355131606E-08 0.367251041E-08
 0.250136772E-08 0.719698127E-08 0.539986243E-08 0.599206973E-08 0.641784961E-08 0.675479813E-08 0.704379033E-08 0.730914768E-08 0.757736292E-08 0.794442036E-08
 0.283015811E-08 0.539986243E-08 0.959963279E-08 0.783524333E-08 0.856789707E-08 0.915186742E-08 0.965330711E-08 0.101137908E-07 0.105792368E-07 0.112162086E-07
 0.302769830E-08 0.599206973E-08 0.783524333E-08 0.119633163E-07 0.102579573E-07 0.111185623E-07 0.118616666E-07 0.125447291E-07 0.132352122E-07 0.141801547E-07
 0.316845705E-08 0.641784961E-08 0.856789707E-08 0.102579573E-07 0.144323672E-07 0.127986740E-07 0.138155606E-07 0.147542270E-07 0.157036988E-07 0.170031252E-07
 0.327972206E-08 0.675479813E-08 0.915186742E-08 0.111185623E-07 0.127986740E-07 0.170547703E-07 0.155903009E-07 0.168254601E-07 0.180786072E-07 0.197941911E-07
 0.337514174E-08 0.704379033E-08 0.965330711E-08 0.118616666E-07 0.138155606E-07 0.155903009E-07 0.200178705E-07 0.188250559E-07 0.204452745E-07 0.226675624E-07
 0.346275713E-08 0.730914768E-08 0.101137908E-07 0.125447291E-07 0.147542270E-07 0.168254601E-07 0.188250559E-07 0.235772770E-07 0.228792352E-07 0.257490053E-07
 0.355131606E-08 0.757736292E-08 0.105792368E-07 0.132352122E-07 0.157036988E-07 0.180786072E-07 0.204452745E-07 0.228792352E-07 0.282827326E-07 0.293136851E-07
 0.367251041E-08 0.794442036E-08 0.112162086E-07 0.141801547E-07 0.170031252E-07 0.197941911E-07 0.226675624E-07 0.257490053E-07 0.293136851E-07 0.374422590E-07
 0.416584964E-08 0.244381955E-08 0.276564752E-08 0.295901493E-08 0.309680069E-08 0.320571567E-08 0.329911999E-08 0.338488485E-08 0.347157333E-08 0.359020794E-08
 0.244381955E-08 0.709927133E-08 0.528450097E-08 0.586560362E-08 0.628340506E-08 0.661404067E-08 0.689761857E-08 0.715800442E-08 0.742119463E-08 0.778137522E-08
 0.276564752E-08 0.528450097E-08 0.945794735E-08 0.767562721E-08 0.839504663E-08 0.896848167E-08 0.946087771E-08 0.991305672E-08 0.103701086E-07 0.109955929E-07
 0.295901493E-08 0.586560362E-08 0.767562721E-08 0.117793584E-07 0.100552679E-07 0.109007213E-07 0.116307674E-07 0.123018315E-07 0.129801863E-07 0.139085311E-07
 0.309680069E-08 0.628340506E-08 0.839504663E-08 0.100552679E-07 0.142056916E-07 0.125520978E-07 0.135516591E-07 0.144743666E-07 0.154077018E-07 0.166850443E-07
 0.320571567E-08 0.661404067E-08 0.896848167E-08 0.109007213E-07 0.125520978E-07 0.167836506E-07 0.152974452E-07 0.165124489E-07 0.177451868E-07 0.194328363E-07
 0.329911999E-08 0.689761857E-08 0.946087771E-08 0.116307674E-07 0.135516591E-07 0.152974452E-07 0.196988163E-07 0.184814026E-07 0.200766032E-07 0.222646258E-07
 0.338488485E-08 0.715800442E-08 0.991305672E-08 0.123018315E-07 0.144743666E-07 0.165124489E-07 0.184814026E-07 0.232043507E-07 0.224762510E-07 0.253047455E-07
