0.116225E-07 0.146142E-07 0.159774E-07 0.169291E-07 0.176609E-07 0.182631E-07 0.187924E-07 0.192865E-07 0.197887E-07 0.205121E-07
0.146142E-07 0.190531E-07 0.212209E-07 0.227865E-07 0.240157E-07 0.250390E-07 0.259438E-07 0.267903E-07 0.276512E-07 0.288916E-07
0.159774E-07 0.212209E-07 0.238908E-07 0.258666E-07 0.274452E-07 0.287750E-07 0.299589E-07 0.310702E-07 0.322016E-07 0.338322E-07
0.169291E-07 0.227865E-07 0.258666E-07 0.281947E-07 0.300861E-07 0.316996E-07 0.331482E-07 0.345145E-07 0.359084E-07 0.379181E-07
0.176609E-07 0.240157E-07 0.274452E-07 0.300861E-07 0.322664E-07 0.341512E-07 0.358606E-07 0.374835E-07 0.391446E-07 0.415418E-07
0.182631E-07 0.250390E-07 0.287750E-07 0.316996E-07 0.341512E-07 0.363000E-07 0.382719E-07 0.401605E-07 0.421036E-07 0.449131E-07
0.187924E-07 0.259438E-07 0.299589E-07 0.331482E-07 0.358606E-07 0.382719E-07 0.405142E-07 0.426867E-07 0.449400E-07 0.482105E-07
0.192865E-07 0.267903E-07 0.310702E-07 0.345145E-07 0.374835E-07 0.401605E-07 0.426867E-07 0.451697E-07 0.477769E-07 0.515904E-07
0.197887E-07 0.276512E-07 0.322016E-07 0.359084E-07 0.391446E-07 0.421036E-07 0.449400E-07 0.477769E-07 0.508113E-07 0.553210E-07
0.205121E-07 0.288916E-07 0.338322E-07 0.379181E-07 0.415418E-07 0.449131E-07 0.482105E-07 0.515904E-07 0.553210E-07 0.611080E-07
0.109758E-07 0.139041E-07 0.152492E-07 0.161910E-07 0.169162E-07 0.175132E-07 0.180381E-07 0.185282E-07 0.190262E-07 0.197438E-07
0.139041E-07 0.182886E-07 0.204500E-07 0.220167E-07 0.232492E-07 0.242763E-07 0.251848E-07 0.260350E-07 0.268997E-07 0.281455E-07
0.152492E-07 0.204500E-07 0.231253E-07 0.251135E-07 0.267059E-07 0.280492E-07 0.292458E-07 0.303695E-07 0.315136E-07 0.331625E-07
0.161910E-07 0.220167E-07 0.251135E-07 0.274652E-07 0.293813E-07 0.310187E-07 0.324902E-07 0.338788E-07 0.352956E-07 0.373385E-07
0.169162E-07 0.232492E-07 0.267059E-07 0.293813E-07 0.315974E-07 0.335171E-07 0.352603E-07 0.369166E-07 0.386123E-07 0.410596E-07
0.175132E-07 0.242763E-07 0.280492E-07 0.310187E-07 0.335171E-07 0.357122E-07 0.377298E-07 0.396642E-07 0.416552E-07 0.445345E-07
0.180381E-07 0.251848E-07 0.292458E-07 0.324902E-07 0.352603E-07 0.377298E-07 0.400309E-07 0.422631E-07 0.445800E-07 0.479438E-07
0.185282E-07 0.260350E-07 0.303695E-07 0.338788E-07 0.369166E-07 0.396642E-07 0.422631E-07 0.448218E-07 0.475115E-07 0.514476E-07
0.190262E-07 0.268997E-07 0.315136E-07 0.352956E-07 0.386123E-07 0.416552E-07 0.445800E-07 0.475115E-07 0.506519E-07 0.553240E-07
0.197438E-07 0.281455E-07 0.331625E-07 0.373385E-07 0.410596E-07 0.445345E-07 0.479438E-07 0.514476E-07 0.553240E-07 0.613502E-07
0.103785E-07 0.132347E-07 0.145567E-07 0.154847E-07 0.162002E-07 0.167897E-07 0.173080E-07 0.177920E-07 0.182839E-07 0.189925E-07
0.132347E-07 0.175472E-07 0.196921E-07 0.212523E-07 0.224819E-07 0.235077E-07 0.244155E-07 0.252651E-07 0.261292E-07 0.273742E-07
0.145567E-07 0.196921E-07 0.223594E-07 0.243497E-07 0.259476E-07 0.272973E-07 0.285006E-07 0.296307E-07 0.307816E-07 0.324403E-07
0.154847E-07 0.212523E-07 0.243497E-07 0.267126E-07 0.286433E-07 0.302958E-07 0.317824E-07 0.331859E-07 0.346182E-07 0.366834E-07
0.162002E-07 0.224819E-07 0.259476E-07 0.286433E-07 0.308831E-07 0.328274E-07 0.345953E-07 0.362761E-07 0.379973E-07 0.404818E-07
0.167897E-07 0.235077E-07 0.272973E-07 0.302958E-07 0.328274E-07 0.350571E-07 0.371097E-07 0.390795E-07 0.411079E-07 0.440417E-07
0.173080E-07 0.244155E-07 0.285006E-07 0.317824E-07 0.345953E-07 0.371097E-07 0.394572E-07 0.417373E-07 0.441056E-07 0.475449E-07
0.177920E-07 0.252651E-07 0.296307E-07 0.331859E-07 0.362761E-07 0.390795E-07 0.417373E-07 0.443583E-07 0.471164E-07 0.511548E-07
0.182839E-07 0.261292E-07 0.307816E-07 0.346182E-07 0.379973E-07 0.411079E-07 0.441056E-07 0.471164E-07 0.503469E-07 0.551576E-07
0.189925E-07 0.273742E-07 0.324403E-07 0.366834E-07 0.404818E-07 0.440417E-07 0.475449E-07 0.511548E-07 0.551576E-07 0.613933E-07
0.983643E-08 0.126150E-07 0.139102E-07 0.148217E-07 0.155254E-07 0.161055E-07 0.166157E-07 0.170920E-07 0.175762E-07 0.182738E-07
0.126150E-07 0.168431E-07 0.189635E-07 0.205111E-07 0.217330E-07 0.227534E-07 0.236568E-07 0.245025E-07 0.253626E-07 0.266019E-07
0.139102E-07 0.189635E-07 0.216121E-07 0.235962E-07 0.251928E-07 0.265432E-07 0.277479E-07 0.288797E-07 0.300324E-07 0.316937E-07
0.148217E-07 0.205111E-07 0.235962E-07 0.259601E-07 0.278967E-07 0.295572E-07 0.310523E-07 0.324644E-07 0.339058E-07 0.359842E-07
0.155254E-07 0.217330E-07 0.251928E-07 0.278967E-07 0.301503E-07 0.321105E-07 0.338949E-07 0.355927E-07 0.373318E-07 0.398422E-07
0.161055E-07 0.227534E-07 0.265432E-07 0.295572E-07 0.321105E-07 0.343646E-07 0.364428E-07 0.384391E-07 0.404958E-07 0.434708E-07
0.166157E-07 0.236568E-07 0.277479E-07 0.310523E-07 0.338949E-07 0.364428E-07 0.388260E-07 0.411437E-07 0.435527E-07 0.470523E-07
0.170920E-07 0.245025E-07 0.288797E-07 0.324644E-07 0.355927E-07 0.384391E-07 0.411437E-07 0.438152E-07 0.466295E-07 0.507521E-07
0.175762E-07 0.253626E-07 0.300324E-07 0.339058E-07 0.373318E-07 0.404958E-07 0.435527E-07 0.466295E-07 0.499357E-07 0.548639E-07
0.182738E-07 0.266019E-07 0.316937E-07 0.359842E-07 0.398422E-07 0.434708E-07 0.470523E-07 0.507521E-07 0.548639E-07 0.612828E-07
0.933590E-08 0.120333E-07 0.132989E-07 0.141919E-07 0.148821E-07 0.154513E-07 0.159521E-07 0.164197E-07 0.168950E-07 0.175798E-07
0.120333E-07 0.161675E-07 0.182572E-07 0.197872E-07 0.209975E-07 0.220091E-07 0.229051E-07 0.237440E-07 0.245972E-07 0.258267E-07
0.132989E-07 0.182572E-07 0.208783E-07 0.228493E-07 0.244389E-07 0.257851E-07 0.269868E-07 0.281162E-07 0.292666E-07 0.309245E-07
0.141919E-07 0.197872E-07 0.228493E-07 0.252054E-07 0.271407E-07 0.288028E-07 0.303008E-07 0.317163E-07 0.331614E-07 0.352451E-07
0.148821E-07 0.209975E-07 0.244389E-07 0.271407E-07 0.293994E-07 0.313679E-07 0.331621E-07 0.348702E-07 0.366205E-07 0.391471E-07
0.154513E-07 0.220091E-07 0.257851E-07 0.288028E-07 0.313679E-07 0.336375E-07 0.357334E-07 0.377484E-07 0.398252E-07 0.428300E-07
0.159521E-07 0.229051E-07 0.269868E-07 0.303008E-07 0.331621E-07 0.357334E-07 0.381429E-07 0.404891E-07 0.429295E-07 0.464755E-07
0.164197E-07 0.237440E-07 0.281162E-07 0.317163E-07 0.348702E-07 0.377484E-07 0.404891E-07 0.432006E-07 0.460600E-07 0.502509E-07
0.168950E-07 0.245972E-07 0.292666E-07 0.331614E-07 0.366205E-07 0.398252E-07 0.429295E-07 0.460600E-07 0.494292E-07 0.544561E-07
0.175798E-07 0.258267E-07 0.309245E-07 0.352451E-07 0.391471E-07 0.428300E-07 0.464755E-07 0.502509E-07 0.544561E-07 0.610341E-07
0.885881E-08 0.114729E-07 0.127070E-07 0.135797E-07 0.142551E-07 0.148124E-07 0.153028E-07 0.157608E-07 0.162263E-07 0.168970E-07
0.114729E-07 0.155063E-07 0.175601E-07 0.190686E-07 0.202639E-07 0.212640E-07 0.221502E-07 0.229799E-07 0.238240E-07 0.250402E-07
0.127070E-07 0.175601E-07 0.201467E-07 0.220988E-07 0.236765E-07 0.250144E-07 0.262095E-07 0.273331E-07 0.284776E-07 0.301270E-07
0.135797E-07 0.190686E-07 0.220988E-07 0.244398E-07 0.263677E-07 0.280261E-07 0.295221E-07 0.309364E-07 0.323804E-07 0.344628E-07
0.142551E-07 0.202639E-07 0.236765E-07 0.263677E-07 0.286241E-07 0.305943E-07 0.323922E-07 0.341050E-07 0.358606E-07 0.383951E-07
0.148124E-07 0.212640E-07 0.250144E-07 0.280261E-07 0.305943E-07 0.328718E-07 0.349780E-07 0.370049E-07 0.390950E-07 0.421192E-07
0.153028E-07 0.221502E-07 0.262095E-07 0.295221E-07 0.323922E-07 0.349780E-07 0.374056E-07 0.397723E-07 0.422357E-07 0.458161E-07
0.157608E-07 0.229799E-07 0.273331E-07 0.309364E-07 0.341050E-07 0.370049E-07 0.397723E-07 0.425146E-07 0.454093E-07 0.496542E-07
0.162263E-07 0.238240E-07 0.284776E-07 0.323804E-07 0.358606E-07 0.390950E-07 0.422357E-07 0.454093E-07 0.488299E-07 0.539385E-07
0.168970E-07 0.250402E-07 0.301270E-07 0.344628E-07 0.383951E-07 0.421192E-07 0.458161E-07 0.496542E-07 0.539385E-07 0.606538E-07
0.840171E-08 0.109316E-07 0.121328E-07 0.129842E-07 0.136439E-07 0.141885E-07 0.146679E-07 0.151156E-07 0.155706E-07 0.162262E-07
0.109316E-07 0.148596E-07 0.168738E-07 0.183576E-07 0.195353E-07 0.205216E-07 0.213959E-07 0.222148E-07 0.230477E-07 0.242479E-07
0.121328E-07 0.168738E-07 0.194201E-07 0.213486E-07 0.229106E-07 0.242368E-07 0.254222E-07 0.265370E-07 0.276726E-07 0.293093E-07
0.129842E-07 0.183576E-07 0.213486E-07 0.236685E-07 0.255838E-07 0.272339E-07 0.287238E-07 0.301329E-07 0.315720E-07 0.336472E-07
0.136439E-07 0.195353E-07 0.229106E-07 0.255838E-07 0.278314E-07 0.297978E-07 0.315943E-07 0.333069E-07 0.350627E-07 0.375978E-07
0.141885E-07 0.205216E-07 0.242368E-07 0.272339E-07 0.297978E-07 0.320765E-07 0.341870E-07 0.362198E-07 0.383168E-07 0.413517E-07
0.146679E-07 0.213959E-07 0.254222E-07 0.287238E-07 0.315943E-07 0.341870E-07 0.366254E-07 0.390055E-07 0.414845E-07 0.450886E-07
0.151156E-07 0.222148E-07 0.265370E-07 0.301329E-07 0.333069E-07 0.362198E-07 0.390055E-07 0.417702E-07 0.446916E-07 0.489778E-07
0.155706E-07 0.230477E-07 0.276726E-07 0.315720E-07 0.350627E-07 0.383168E-07 0.414845E-07 0.446916E-07 0.481534E-07 0.533284E-07
0.162262E-07 0.242479E-07 0.293093E-07 0.336472E-07 0.375978E-07 0.413517E-07 0.450886E-07 0.489778E-07 0.533284E-07 0.601612E-07
0.797550E-08 0.104218E-07 0.115896E-07 0.124191E-07 0.130625E-07 0.135940E-07 0.140619E-07 0.144989E-07 0.149431E-07 0.155831E-07
0.104218E-07 0.142422E-07 0.162141E-07 0.176708E-07 0.188291E-07 0.197999E-07 0.206608E-07 0.214673E-07 0.222877E-07 0.234698E-07
0.115896E-07 0.162141E-07 0.187160E-07 0.206171E-07 0.221602E-07 0.234719E-07 0.246452E-07 0.257489E-07 0.268733E-07 0.284938E-07
0.124191E-07 0.176708E-07 0.206171E-07 0.229110E-07 0.248094E-07 0.264475E-07 0.279279E-07 0.293286E-07 0.307594E-07 0.328227E-07
0.130625E-07 0.188291E-07 0.221602E-07 0.248094E-07 0.270431E-07 0.290008E-07 0.307915E-07 0.324997E-07 0.342515E-07 0.367810E-07
0.135940E-07 0.197999E-07 0.234719E-07 0.264475E-07 0.290008E-07 0.312750E-07 0.333844E-07 0.354180E-07 0.375168E-07 0.405546E-07
0.140619E-07 0.206608E-07 0.246452E-07 0.279279E-07 0.307915E-07 0.333844E-07 0.358273E-07 0.382147E-07 0.407029E-07 0.443214E-07
0.144989E-07 0.214673E-07 0.257489E-07 0.293286E-07 0.324997E-07 0.354180E-07 0.382147E-07 0.409945E-07 0.439350E-07 0.482512E-07
0.149431E-07 0.222877E-07 0.268733E-07 0.307594E-07 0.342515E-07 0.375168E-07 0.407029E-07 0.439350E-07 0.474288E-07 0.526566E-07
0.155831E-07 0.234698E-07 0.284938E-07 0.328227E-07 0.367810E-07 0.405546E-07 0.443214E-07 0.482512E-07 0.526566E-07 0.595891E-07
0.758566E-08 0.995010E-08 0.110844E-07 0.118918E-07 0.125186E-07 0.130368E-07 0.134930E-07 0.139191E-07 0.143522E-07 0.149763E-07
0.995010E-08 0.136623E-07 0.155901E-07 0.170182E-07 0.181554E-07 0.191094E-07 0.199559E-07 0.207489E-07 0.215556E-07 0.227180E-07
0.110844E-07 0.155901E-07 0.180444E-07 0.199154E-07 0.214371E-07 0.227322E-07 0.238913E-07 0.249819E-07 0.260932E-07 0.276948E-07
0.118918E-07 0.170182E-07 0.199154E-07 0.221793E-07 0.240574E-07 0.256804E-07 0.271483E-07 0.285380E-07 0.299576E-07 0.320050E-07
0.125186E-07 0.181554E-07 0.214371E-07 0.240574E-07 0.262727E-07 0.282178E-07 0.299990E-07 0.316992E-07 0.334433E-07 0.359619E-07
0.130368E-07 0.191094E-07 0.227322E-07 0.256804E-07 0.282178E-07 0.304826E-07 0.325863E-07 0.346162E-07 0.367121E-07 0.397462E-07
0.134930E-07 0.199559E-07 0.238913E-07 0.271483E-07 0.299990E-07 0.325863E-07 0.350283E-07 0.374175E-07 0.399093E-07 0.435340E-07
0.139191E-07 0.207489E-07 0.249819E-07 0.285380E-07 0.316992E-07 0.346162E-07 0.374175E-07 0.402061E-07 0.431587E-07 0.474950E-07
0.143522E-07 0.215556E-07 0.260932E-07 0.299576E-07 0.334433E-07 0.367121E-07 0.399093E-07 0.431587E-07 0.466764E-07 0.519448E-07
0.149763E-07 0.227180E-07 0.276948E-07 0.320050E-07 0.359619E-07 0.397462E-07 0.435340E-07 0.474950E-07 0.519448E-07 0.589608E-07
0.722988E-08 0.951471E-08 0.106158E-07 0.114010E-07 0.120113E-07 0.125160E-07 0.129604E-07 0.133756E-07 0.137976E-07 0.144056E-07
0.951471E-08 0.131194E-07 0.150020E-07 0.164002E-07 0.175153E-07 0.184516E-07 0.192827E-07 0.200614E-07 0.208537E-07 0.219952E-07
0.106158E-07 0.150020E-07 0.174064E-07 0.192451E-07 0.207434E-07 0.220200E-07 0.231634E-07 0.242395E-07 0.253360E-07 0.269164E-07
0.114010E-07 0.164002E-07 0.192451E-07 0.214759E-07 0.233308E-07 0.249360E-07 0.263892E-07 0.277656E-07 0.291717E-07 0.311998E-07
0.120113E-07 0.175153E-07 0.207434E-07 0.233308E-07 0.255239E-07 0.274530E-07 0.292216E-07 0.309108E-07 0.326441E-07 0.351472E-07
0.125160E-07 0.184516E-07 0.220200E-07 0.249360E-07 0.274530E-07 0.297043E-07 0.317984E-07 0.338207E-07 0.359098E-07 0.389343E-07
0.129604E-07 0.192827E-07 0.231634E-07 0.263892E-07 0.292216E-07 0.317984E-07 0.342345E-07 0.366208E-07 0.391114E-07 0.427351E-07
0.133756E-07 0.200614E-07 0.242395E-07 0.277656E-07 0.309108E-07 0.338207E-07 0.366208E-07 0.394125E-07 0.423713E-07 0.467188E-07
0.137976E-07 0.208537E-07 0.253360E-07 0.291717E-07 0.326441E-07 0.359098E-07 0.391114E-07 0.423713E-07 0.459056E-07 0.512036E-07
0.144056E-07 0.219952E-07 0.269164E-07 0.311998E-07 0.351472E-07 0.389343E-07 0.427351E-07 0.467188E-07 0.512036E-07 0.582883E-07
0.690072E-08 0.910839E-08 0.101768E-07 0.109400E-07 0.115337E-07 0.120250E-07 0.124577E-07 0.128619E-07 0.132728E-07 0.138648E-07
0.910839E-08 0.126068E-07 0.144436E-07 0.158111E-07 0.169034E-07 0.178213E-07 0.186364E-07 0.194002E-07 0.201773E-07 0.212970E-07
0.101768E-07 0.144436E-07 0.167966E-07 0.186013E-07 0.200746E-07 0.213314E-07 0.224577E-07 0.235180E-07 0.245985E-07 0.261559E-07
0.109400E-07 0.158111E-07 0.186013E-07 0.207965E-07 0.226258E-07 0.242112E-07 0.256476E-07 0.270087E-07 0.283995E-07 0.304054E-07
0.115337E-07 0.169034E-07 0.200746E-07 0.226258E-07 0.247937E-07 0.267039E-07 0.284571E-07 0.301327E-07 0.318525E-07 0.343363E-07
0.120250E-07 0.178213E-07 0.213314E-07 0.242112E-07 0.267039E-07 0.289380E-07 0.310190E-07 0.330304E-07 0.351091E-07 0.381191E-07
0.124577E-07 0.186364E-07 0.224577E-07 0.256476E-07 0.284571E-07 0.310190E-07 0.334452E-07 0.358244E-07 0.383092E-07 0.419255E-07
0.128619E-07 0.194002E-07 0.235180E-07 0.270087E-07 0.301327E-07 0.330304E-07 0.358244E-07 0.386141E-07 0.415737E-07 0.459244E-07
0.132728E-07 0.201773E-07 0.245985E-07 0.283995E-07 0.318525E-07 0.351091E-07 0.383092E-07 0.415737E-07 0.451178E-07 0.504356E-07
0.138648E-07 0.212970E-07 0.261559E-07 0.304054E-07 0.343363E-07 0.381191E-07 0.419255E-07 0.459244E-07 0.504356E-07 0.575756E-07
0.659130E-08 0.872431E-08 0.976052E-08 0.105020E-07 0.110794E-07 0.115573E-07 0.119783E-07 0.123717E-07 0.127716E-07 0.133477E-07
0.872431E-08 0.121183E-07 0.139089E-07 0.152453E-07 0.163142E-07 0.172132E-07 0.180117E-07 0.187602E-07 0.195217E-07 0.206190E-07
0.976052E-08 0.139089E-07 0.162095E-07 0.179789E-07 0.194260E-07 0.206618E-07 0.217699E-07 0.228134E-07 0.238769E-07 0.254099E-07
0.105020E-07 0.152453E-07 0.179789E-07 0.201365E-07 0.219382E-07 0.235020E-07 0.249200E-07 0.262641E-07 0.276379E-07 0.296194E-07
0.110794E-07 0.163142E-07 0.194260E-07 0.219382E-07 0.240783E-07 0.259672E-07 0.277027E-07 0.293624E-07 0.310664E-07 0.335275E-07
0.115573E-07 0.172132E-07 0.206618E-07 0.235020E-07 0.259672E-07 0.281810E-07 0.302459E-07 0.322435E-07 0.343088E-07 0.372998E-07
0.119783E-07 0.180117E-07 0.217699E-07 0.249200E-07 0.277027E-07 0.302459E-07 0.326584E-07 0.350269E-07 0.375021E-07 0.411054E-07
0.123717E-07 0.187602E-07 0.228134E-07 0.262641E-07 0.293624E-07 0.322435E-07 0.350269E-07 0.378100E-07 0.407656E-07 0.451125E-07
0.127716E-07 0.195217E-07 0.238769E-07 0.276379E-07 0.310664E-07 0.343088E-07 0.375021E-07 0.407656E-07 0.443137E-07 0.496422E-07
0.133477E-07 0.206190E-07 0.254099E-07 0.296194E-07 0.335275E-07 0.372998E-07 0.411054E-07 0.451125E-07 0.496422E-07 0.568252E-07
0.629927E-08 0.836028E-08 0.936505E-08 0.100852E-07 0.106464E-07 0.111111E-07 0.115207E-07 0.119033E-07 0.122923E-07 0.128527E-07
0.836028E-08 0.116520E-07 0.133967E-07 0.147016E-07 0.157468E-07 0.166265E-07 0.174082E-07 0.181410E-07 0.188867E-07 0.199611E-07
0.936505E-08 0.133967E-07 0.156442E-07 0.173775E-07 0.187974E-07 0.200113E-07 0.211005E-07 0.221264E-07 0.231721E-07 0.246794E-07
0.100852E-07 0.147016E-07 0.173775E-07 0.194958E-07 0.212686E-07 0.228092E-07 0.242074E-07 0.255334E-07 0.268887E-07 0.288438E-07
0.106464E-07 0.157468E-07 0.187974E-07 0.212686E-07 0.233787E-07 0.252441E-07 0.269600E-07 0.286020E-07 0.302881E-07 0.327237E-07
0.111111E-07 0.166265E-07 0.200113E-07 0.228092E-07 0.252441E-07 0.274350E-07 0.294813E-07 0.314625E-07 0.335117E-07 0.364799E-07
0.115207E-07 0.174082E-07 0.211005E-07 0.242074E-07 0.269600E-07 0.294813E-07 0.318768E-07 0.342314E-07 0.366936E-07 0.402789E-07
0.119033E-07 0.181410E-07 0.221264E-07 0.255334E-07 0.286020E-07 0.314625E-07 0.342314E-07 0.370040E-07 0.399513E-07 0.442881E-07
0.122923E-07 0.188867E-07 0.231721E-07 0.268887E-07 0.302881E-07 0.335117E-07 0.366936E-07 0.399513E-07 0.434980E-07 0.488292E-07
0.128527E-07 0.199611E-07 0.246794E-07 0.288438E-07 0.327237E-07 0.364799E-07 0.402789E-07 0.442881E-07 0.488292E-07 0.560440E-07
0.602383E-08 0.801559E-08 0.898977E-08 0.968898E-08 0.102344E-07 0.106862E-07 0.110845E-07 0.114566E-07 0.118348E-07 0.123797E-07
0.801559E-08 0.112078E-07 0.129069E-07 0.141804E-07 0.152017E-07 0.160620E-07 0.168267E-07 0.175437E-07 0.182733E-07 0.193246E-07
0.898977E-08 0.129069E-07 0.151012E-07 0.167977E-07 0.181899E-07 0.193813E-07 0.204509E-07 0.214587E-07 0.224860E-07 0.239667E-07
0.968898E-08 0.141804E-07 0.167977E-07 0.188758E-07 0.206183E-07 0.221347E-07 0.235120E-07 0.248187E-07 0.261546E-07 0.280816E-07
0.102344E-07 0.152017E-07 0.181899E-07 0.206183E-07 0.226967E-07 0.245372E-07 0.262318E-07 0.278543E-07 0.295210E-07 0.319287E-07
0.106862E-07 0.160620E-07 0.193813E-07 0.221347E-07 0.245372E-07 0.267029E-07 0.287283E-07 0.306910E-07 0.327219E-07 0.356639E-07
0.110845E-07 0.168267E-07 0.204509E-07 0.235120E-07 0.262318E-07 0.287283E-07 0.311041E-07 0.334419E-07 0.358881E-07 0.394512E-07
0.114566E-07 0.175437E-07 0.214587E-07 0.248187E-07 0.278543E-07 0.306910E-07 0.334419E-07 0.362005E-07 0.391357E-07 0.434568E-07
0.118348E-07 0.182733E-07 0.224860E-07 0.261546E-07 0.295210E-07 0.327219E-07 0.358881E-07 0.391357E-07 0.426762E-07 0.480029E-07
0.123797E-07 0.193246E-07 0.239667E-07 0.280816E-07 0.319287E-07 0.356639E-07 0.394512E-07 0.434568E-07 0.480029E-07 0.552393E-07
0.576516E-08 0.769059E-08 0.863514E-08 0.931401E-08 0.984397E-08 0.102832E-07 0.106704E-07 0.110322E-07 0.113999E-07 0.119298E-07
0.769059E-08 0.107863E-07 0.124405E-07 0.136827E-07 0.146803E-07 0.155211E-07 0.162688E-07 0.169700E-07 0.176835E-07 0.187116E-07
0.863514E-08 0.124405E-07 0.145818E-07 0.162414E-07 0.176054E-07 0.187739E-07 0.198235E-07 0.208128E-07 0.218212E-07 0.232748E-07
0.931401E-08 0.136827E-07 0.162414E-07 0.182785E-07 0.199900E-07 0.214812E-07 0.228368E-07 0.241234E-07 0.254389E-07 0.273367E-07
0.984397E-08 0.146803E-07 0.176054E-07 0.199900E-07 0.220353E-07 0.238493E-07 0.255214E-07 0.271232E-07 0.287691E-07 0.311469E-07
0.102832E-07 0.155211E-07 0.187739E-07 0.214812E-07 0.238493E-07 0.259880E-07 0.279908E-07 0.299331E-07 0.319437E-07 0.348568E-07
0.106704E-07 0.162688E-07 0.198235E-07 0.228368E-07 0.255214E-07 0.279908E-07 0.303445E-07 0.326631E-07 0.350908E-07 0.386277E-07
0.110322E-07 0.169700E-07 0.208128E-07 0.241234E-07 0.271232E-07 0.299331E-07 0.326631E-07 0.354046E-07 0.383243E-07 0.426247E-07
0.113999E-07 0.176835E-07 0.218212E-07 0.254389E-07 0.287691E-07 0.319437E-07 0.350908E-07 0.383243E-07 0.418544E-07 0.471701E-07
0.119298E-07 0.187116E-07 0.232748E-07 0.273367E-07 0.311469E-07 0.348568E-07 0.386277E-07 0.426247E-07 0.471701E-07 0.544186E-07
0.552363E-08 0.738570E-08 0.830165E-08 0.896080E-08 0.947575E-08 0.990268E-08 0.102791E-07 0.106309E-07 0.109885E-07 0.115036E-07
0.738570E-08 0.103882E-07 0.119983E-07 0.132098E-07 0.141837E-07 0.150052E-07 0.157360E-07 0.164214E-07 0.171189E-07 0.181240E-07
0.830165E-08 0.119983E-07 0.140873E-07 0.157099E-07 0.170457E-07 0.181910E-07 0.192204E-07 0.201908E-07 0.211802E-07 0.226063E-07
0.896080E-08 0.132098E-07 0.157099E-07 0.177057E-07 0.193855E-07 0.208510E-07 0.221842E-07 0.234501E-07 0.247446E-07 0.266121E-07
0.947575E-08 0.141837E-07 0.170457E-07 0.193855E-07 0.213969E-07 0.231834E-07 0.248318E-07 0.264119E-07 0.280359E-07 0.303821E-07
0.990268E-08 0.150052E-07 0.181910E-07 0.208510E-07 0.231834E-07 0.252935E-07 0.272721E-07 0.291924E-07 0.311812E-07 0.340630E-07
0.102791E-07 0.157360E-07 0.192204E-07 0.221842E-07 0.248318E-07 0.272721E-07 0.296017E-07 0.318990E-07 0.343059E-07 0.378135E-07
0.106309E-07 0.164214E-07 0.201908E-07 0.234501E-07 0.264119E-07 0.291924E-07 0.318990E-07 0.346206E-07 0.375220E-07 0.417974E-07
0.109885E-07 0.171189E-07 0.211802E-07 0.247446E-07 0.280359E-07 0.311812E-07 0.343059E-07 0.375220E-07 0.410378E-07 0.463367E-07
0.115036E-07 0.181240E-07 0.226063E-07 0.266121E-07 0.303821E-07 0.340630E-07 0.378135E-07 0.417974E-07 0.463367E-07 0.535889E-07
0.529947E-08 0.710120E-08 0.798965E-08 0.862975E-08 0.913016E-08 0.954520E-08 0.991121E-08 0.102532E-07 0.106009E-07 0.111019E-07
0.710120E-08 0.100140E-07 0.115812E-07 0.127623E-07 0.137130E-07 0.145153E-07 0.152294E-07 0.158992E-07 0.165808E-07 0.175630E-07
0.798965E-08 0.115812E-07 0.136185E-07 0.152045E-07 0.165119E-07 0.176340E-07 0.186431E-07 0.195946E-07 0.205647E-07 0.219632E-07
0.862975E-08 0.127623E-07 0.152045E-07 0.171588E-07 0.188067E-07 0.202460E-07 0.215564E-07 0.228010E-07 0.240741E-07 0.259107E-07
0.913016E-08 0.137130E-07 0.165119E-07 0.188067E-07 0.207832E-07 0.225415E-07 0.241654E-07 0.257229E-07 0.273241E-07 0.296376E-07
0.954520E-08 0.145153E-07 0.176340E-07 0.202460E-07 0.225415E-07 0.246219E-07 0.265750E-07 0.284721E-07 0.304377E-07 0.332862E-07
0.991121E-08 0.152294E-07 0.186431E-07 0.215564E-07 0.241654E-07 0.265750E-07 0.288787E-07 0.311529E-07 0.335372E-07 0.370126E-07
0.102532E-07 0.158992E-07 0.195946E-07 0.228010E-07 0.257229E-07 0.284721E-07 0.311529E-07 0.338525E-07 0.367329E-07 0.409793E-07
0.106009E-07 0.165808E-07 0.205647E-07 0.240741E-07 0.273241E-07 0.304377E-07 0.335372E-07 0.367329E-07 0.402310E-07 0.455079E-07
0.111019E-07 0.175630E-07 0.219632E-07 0.259107E-07 0.296376E-07 0.332862E-07 0.370126E-07 0.409793E-07 0.455079E-07 0.527561E-07
0.509154E-08 0.683580E-08 0.769782E-08 0.831956E-08 0.880592E-08 0.920944E-08 0.956535E-08 0.989796E-08 0.102361E-07 0.107232E-07
0.683580E-08 0.966238E-08 0.111877E-07 0.123392E-07 0.132670E-07 0.140505E-07 0.147480E-07 0.154024E-07 0.160683E-07 0.170279E-07
0.769782E-08 0.111877E-07 0.131745E-07 0.147241E-07 0.160034E-07 0.171023E-07 0.180910E-07 0.190236E-07 0.199745E-07 0.213453E-07
0.831956E-08 0.123392E-07 0.147241E-07 0.166371E-07 0.182528E-07 0.196657E-07 0.209529E-07 0.221761E-07 0.234274E-07 0.252327E-07
0.880592E-08 0.132670E-07 0.160034E-07 0.182528E-07 0.201941E-07 0.219235E-07 0.235222E-07 0.250565E-07 0.266342E-07 0.289140E-07
0.920944E-08 0.140505E-07 0.171023E-07 0.196657E-07 0.219235E-07 0.239732E-07 0.258998E-07 0.277727E-07 0.297139E-07 0.325275E-07
0.956535E-08 0.147480E-07 0.180910E-07 0.209529E-07 0.235222E-07 0.258998E-07 0.281763E-07 0.304259E-07 0.327858E-07 0.362266E-07
0.989796E-08 0.154024E-07 0.190236E-07 0.221761E-07 0.250565E-07 0.277727E-07 0.304259E-07 0.331011E-07 0.359583E-07 0.401725E-07
0.102361E-07 0.160683E-07 0.199745E-07 0.234274E-07 0.266342E-07 0.297139E-07 0.327858E-07 0.359583E-07 0.394357E-07 0.446860E-07
0.107232E-07 0.170279E-07 0.213453E-07 0.252327E-07 0.289140E-07 0.325275E-07 0.362266E-07 0.401725E-07 0.446860E-07 0.519232E-07
0.489765E-08 0.658719E-08 0.742386E-08 0.802791E-08 0.850072E-08 0.889312E-08 0.923927E-08 0.956278E-08 0.989166E-08 0.103655E-07
0.658719E-08 0.933100E-08 0.108157E-07 0.119382E-07 0.128435E-07 0.136086E-07 0.142898E-07 0.149290E-07 0.155796E-07 0.165170E-07
0.742386E-08 0.108157E-07 0.127530E-07 0.142668E-07 0.155182E-07 0.165941E-07 0.175626E-07 0.184762E-07 0.194080E-07 0.207511E-07
0.802791E-08 0.119382E-07 0.142668E-07 0.161388E-07 0.177223E-07 0.191087E-07 0.203726E-07 0.215741E-07 0.228034E-07 0.245770E-07
0.850072E-08 0.128435E-07 0.155182E-07 0.177223E-07 0.196282E-07 0.213282E-07 0.229013E-07 0.244119E-07 0.259655E-07 0.282107E-07
0.889312E-08 0.136086E-07 0.165941E-07 0.191087E-07 0.213282E-07 0.233465E-07 0.252457E-07 0.270935E-07 0.290094E-07 0.317867E-07
0.923927E-08 0.142898E-07 0.175626E-07 0.203726E-07 0.229013E-07 0.252457E-07 0.274937E-07 0.297174E-07 0.320516E-07 0.354557E-07
0.956278E-08 0.149290E-07 0.184762E-07 0.215741E-07 0.244119E-07 0.270935E-07 0.297174E-07 0.323667E-07 0.351987E-07 0.393777E-07
0.989166E-08 0.155796E-07 0.194080E-07 0.228034E-07 0.259655E-07 0.290094E-07 0.320516E-07 0.351987E-07 0.386527E-07 0.438722E-07
0.103655E-07 0.165170E-07 0.207511E-07 0.245770E-07 0.282107E-07 0.317867E-07 0.354557E-07 0.393777E-07 0.438722E-07 0.510920E-07
0.471455E-08 0.635187E-08 0.716420E-08 0.775120E-08 0.821092E-08 0.859257E-08 0.892930E-08 0.924401E-08 0.956395E-08 0.100249E-07
0.635187E-08 0.901618E-08 0.104615E-07 0.115558E-07 0.124391E-07 0.131859E-07 0.138512E-07 0.144755E-07 0.151110E-07 0.160266E-07
0.716420E-08 0.104615E-07 0.123504E-07 0.138291E-07 0.150528E-07 0.161059E-07 0.170543E-07 0.179492E-07 0.188619E-07 0.201776E-07
0.775120E-08 0.115558E-07 0.138291E-07 0.156604E-07 0.172119E-07 0.185716E-07 0.198122E-07 0.209919E-07 0.221991E-07 0.239409E-07
0.821092E-08 0.124391E-07 0.150528E-07 0.172119E-07 0.190821E-07 0.207525E-07 0.222997E-07 0.237861E-07 0.253153E-07 0.275253E-07
0.859257E-08 0.131859E-07 0.161059E-07 0.185716E-07 0.207525E-07 0.227388E-07 0.246100E-07 0.264319E-07 0.283218E-07 0.310617E-07
0.892930E-08 0.138512E-07 0.170543E-07 0.198122E-07 0.222997E-07 0.246100E-07 0.268285E-07 0.290252E-07 0.313324E-07 0.346981E-07
0.924401E-08 0.144755E-07 0.179492E-07 0.209919E-07 0.237861E-07 0.264319E-07 0.290252E-07 0.316469E-07 0.344520E-07 0.385932E-07
0.956395E-08 0.151110E-07 0.188619E-07 0.221991E-07 0.253153E-07 0.283218E-07 0.313324E-07 0.344520E-07 0.378802E-07 0.430652E-07
0.100249E-07 0.160266E-07 0.201776E-07 0.239409E-07 0.275253E-07 0.310617E-07 0.346981E-07 0.385932E-07 0.430652E-07 0.502617E-07
0.453982E-08 0.612729E-08 0.691624E-08 0.748683E-08 0.793393E-08 0.830521E-08 0.863283E-08 0.893904E-08 0.925034E-08 0.969885E-08
0.612729E-08 0.871527E-08 0.101225E-07 0.111892E-07 0.120510E-07 0.127801E-07 0.134298E-07 0.140395E-07 0.146601E-07 0.155544E-07
0.691624E-08 0.101225E-07 0.119643E-07 0.134084E-07 0.146050E-07 0.156355E-07 0.165640E-07 0.174403E-07 0.183341E-07 0.196227E-07
0.748683E-08 0.111892E-07 0.134084E-07 0.151995E-07 0.167193E-07 0.180526E-07 0.192698E-07 0.204277E-07 0.216128E-07 0.233226E-07
0.793393E-08 0.120510E-07 0.146050E-07 0.167193E-07 0.185538E-07 0.201946E-07 0.217155E-07 0.231776E-07 0.246821E-07 0.268566E-07
0.830521E-08 0.127801E-07 0.156355E-07 0.180526E-07 0.201946E-07 0.221484E-07 0.239912E-07 0.257867E-07 0.276498E-07 0.303515E-07
0.863283E-08 0.134298E-07 0.165640E-07 0.192698E-07 0.217155E-07 0.239912E-07 0.261793E-07 0.283481E-07 0.306274E-07 0.339532E-07
0.893904E-08 0.140395E-07 0.174403E-07 0.204277E-07 0.231776E-07 0.257867E-07 0.283481E-07 0.309410E-07 0.337176E-07 0.378187E-07
0.925034E-08 0.146601E-07 0.183341E-07 0.216128E-07 0.246821E-07 0.276498E-07 0.306274E-07 0.337176E-07 0.371179E-07 0.422651E-07
0.969885E-08 0.155544E-07 0.196227E-07 0.233226E-07 0.268566E-07 0.303515E-07 0.339532E-07 0.378187E-07 0.422651E-07 0.494330E-07
0.437239E-08 0.591220E-08 0.667872E-08 0.723351E-08 0.766843E-08 0.802970E-08 0.834853E-08 0.864654E-08 0.894950E-08 0.938600E-08
0.591220E-08 0.842691E-08 0.979718E-08 0.108371E-07 0.116781E-07 0.123898E-07 0.130242E-07 0.136197E-07 0.142258E-07 0.150992E-07
0.667872E-08 0.979718E-08 0.115931E-07 0.130035E-07 0.141734E-07 0.151816E-07 0.160905E-07 0.169485E-07 0.178237E-07 0.190854E-07
0.723351E-08 0.108371E-07 0.130035E-07 0.147551E-07 0.162434E-07 0.175504E-07 0.187443E-07 0.198805E-07 0.210436E-07 0.227217E-07
0.766843E-08 0.116781E-07 0.141734E-07 0.162434E-07 0.180425E-07 0.196535E-07 0.211482E-07 0.225857E-07 0.240653E-07 0.262039E-07
0.802970E-08 0.123898E-07 0.151816E-07 0.175504E-07 0.196535E-07 0.215746E-07 0.233886E-07 0.251572E-07 0.269933E-07 0.296559E-07
0.834853E-08 0.130242E-07 0.160905E-07 0.187443E-07 0.211482E-07 0.233886E-07 0.255457E-07 0.276859E-07 0.299364E-07 0.332210E-07
0.864654E-08 0.136197E-07 0.169485E-07 0.198805E-07 0.225857E-07 0.251572E-07 0.276859E-07 0.302488E-07 0.329957E-07 0.370547E-07
0.894950E-08 0.142258E-07 0.178237E-07 0.210436E-07 0.240653E-07 0.269933E-07 0.299364E-07 0.329957E-07 0.363662E-07 0.414726E-07
0.938600E-08 0.150992E-07 0.190854E-07 0.227217E-07 0.262039E-07 0.296559E-07 0.332210E-07 0.370547E-07 0.414726E-07 0.486070E-07
0.421302E-08 0.570736E-08 0.645237E-08 0.699198E-08 0.741519E-08 0.776682E-08 0.807718E-08 0.836728E-08 0.866221E-08 0.908714E-08
0.570736E-08 0.815183E-08 0.948647E-08 0.105005E-07 0.113211E-07 0.120159E-07 0.126355E-07 0.132170E-07 0.138090E-07 0.146620E-07
0.645237E-08 0.948647E-08 0.112379E-07 0.126153E-07 0.137590E-07 0.147454E-07 0.156350E-07 0.164749E-07 0.173318E-07 0.185670E-07
0.699198E-08 0.105005E-07 0.126153E-07 0.143282E-07 0.157854E-07 0.170664E-07 0.182373E-07 0.193519E-07 0.204930E-07 0.221395E-07
0.741519E-08 0.113211E-07 0.137590E-07 0.157854E-07 0.175494E-07 0.191307E-07 0.205991E-07 0.220120E-07 0.234667E-07 0.255694E-07
0.776682E-08 0.120159E-07 0.147454E-07 0.170664E-07 0.191307E-07 0.210191E-07 0.228039E-07 0.245455E-07 0.263541E-07 0.289772E-07
0.807718E-08 0.126355E-07 0.156350E-07 0.182373E-07 0.205991E-07 0.228039E-07 0.249296E-07 0.270406E-07 0.292617E-07 0.325041E-07
0.836728E-08 0.132170E-07 0.164749E-07 0.193519E-07 0.220120E-07 0.245455E-07 0.270406E-07 0.295726E-07 0.322887E-07 0.363040E-07
0.866221E-08 0.138090E-07 0.173318E-07 0.204930E-07 0.234667E-07 0.263541E-07 0.292617E-07 0.322887E-07 0.356278E-07 0.406908E-07
0.908714E-08 0.146620E-07 0.185670E-07 0.221395E-07 0.255694E-07 0.289772E-07 0.325041E-07 0.363040E-07 0.406908E-07 0.477875E-07
0.406259E-08 0.551359E-08 0.623802E-08 0.676306E-08 0.717502E-08 0.751739E-08 0.781959E-08 0.810209E-08 0.838930E-08 0.880308E-08
0.551359E-08 0.789084E-08 0.919112E-08 0.101800E-07 0.109808E-07 0.116593E-07 0.122644E-07 0.128324E-07 0.134106E-07 0.142438E-07
0.623802E-08 0.919112E-08 0.108995E-07 0.122448E-07 0.133629E-07 0.143279E-07 0.151985E-07 0.160207E-07 0.168595E-07 0.180688E-07
0.676306E-08 0.101800E-07 0.122448E-07 0.139198E-07 0.153465E-07 0.166017E-07 0.177498E-07 0.188430E-07 0.199624E-07 0.215777E-07
0.717502E-08 0.109808E-07 0.133629E-07 0.153465E-07 0.170756E-07 0.186275E-07 0.200696E-07 0.214581E-07 0.228878E-07 0.249547E-07
0.751739E-08 0.116593E-07 0.143279E-07 0.166017E-07 0.186275E-07 0.204831E-07 0.222388E-07 0.239531E-07 0.257340E-07 0.283174E-07
0.781959E-08 0.122644E-07 0.151985E-07 0.177498E-07 0.200696E-07 0.222388E-07 0.243327E-07 0.264140E-07 0.286052E-07 0.318046E-07
0.810209E-08 0.128324E-07 0.160207E-07 0.188430E-07 0.214581E-07 0.239531E-07 0.264140E-07 0.289143E-07 0.315988E-07 0.355690E-07
0.838930E-08 0.134106E-07 0.168595E-07 0.199624E-07 0.228878E-07 0.257340E-07 0.286052E-07 0.315988E-07 0.349051E-07 0.399225E-07
0.880308E-08 0.142438E-07 0.180688E-07 0.215777E-07 0.249547E-07 0.283174E-07 0.318046E-07 0.355690E-07 0.399225E-07 0.469775E-07
0.392148E-08 0.533119E-08 0.603594E-08 0.654704E-08 0.694820E-08 0.728166E-08 0.757604E-08 0.785123E-08 0.813101E-08 0.853411E-08
0.533119E-08 0.764416E-08 0.891138E-08 0.987604E-08 0.106577E-07 0.113203E-07 0.119113E-07 0.124661E-07 0.130310E-07 0.138450E-07
0.603594E-08 0.891138E-08 0.105782E-07 0.118922E-07 0.129854E-07 0.139294E-07 0.147815E-07 0.155863E-07 0.164075E-07 0.175914E-07
0.654704E-08 0.987604E-08 0.118922E-07 0.135301E-07 0.149269E-07 0.161568E-07 0.172824E-07 0.183546E-07 0.194526E-07 0.210369E-07
0.694820E-08 0.106577E-07 0.129854E-07 0.149269E-07 0.166217E-07 0.181444E-07 0.195606E-07 0.209246E-07 0.223296E-07 0.243607E-07
0.728166E-08 0.113203E-07 0.139294E-07 0.161568E-07 0.181444E-07 0.199675E-07 0.216940E-07 0.233810E-07 0.251342E-07 0.276776E-07
0.757604E-08 0.119113E-07 0.147815E-07 0.172824E-07 0.195606E-07 0.216940E-07 0.237559E-07 0.258073E-07 0.279682E-07 0.311241E-07
0.785123E-08 0.124661E-07 0.155863E-07 0.183546E-07 0.209246E-07 0.233810E-07 0.258073E-07 0.282754E-07 0.309274E-07 0.348514E-07
0.813101E-08 0.130310E-07 0.164075E-07 0.194526E-07 0.223296E-07 0.251342E-07 0.279682E-07 0.309274E-07 0.341997E-07 0.391697E-07
0.853411E-08 0.138450E-07 0.175914E-07 0.210369E-07 0.243607E-07 0.276776E-07 0.311241E-07 0.348514E-07 0.391697E-07 0.461793E-07
0.378897E-08 0.515932E-08 0.584526E-08 0.634297E-08 0.673377E-08 0.705868E-08 0.734554E-08 0.761372E-08 0.788637E-08 0.827918E-08
0.515932E-08 0.741079E-08 0.864622E-08 0.958746E-08 0.103506E-07 0.109977E-07 0.115751E-07 0.121172E-07 0.126691E-07 0.134644E-07
0.584526E-08 0.864622E-08 0.102728E-07 0.115565E-07 0.126254E-07 0.135490E-07 0.143829E-07 0.151708E-07 0.159747E-07 0.171337E-07
0.634297E-08 0.958746E-08 0.115565E-07 0.131583E-07 0.145258E-07 0.157308E-07 0.168343E-07 0.178857E-07 0.189625E-07 0.205165E-07
0.673377E-08 0.103506E-07 0.126254E-07 0.145258E-07 0.161868E-07 0.176807E-07 0.190711E-07 0.204110E-07 0.217913E-07 0.237870E-07
0.705868E-08 0.109977E-07 0.135490E-07 0.157308E-07 0.176807E-07 0.194714E-07 0.211689E-07 0.228285E-07 0.245540E-07 0.270574E-07
0.734554E-08 0.115751E-07 0.143829E-07 0.168343E-07 0.190711E-07 0.211689E-07 0.231987E-07 0.252200E-07 0.273503E-07 0.304623E-07
0.761372E-08 0.121172E-07 0.151708E-07 0.178857E-07 0.204110E-07 0.228285E-07 0.252200E-07 0.276553E-07 0.302744E-07 0.341513E-07
0.788637E-08 0.126691E-07 0.159747E-07 0.189625E-07 0.217913E-07 0.245540E-07 0.273503E-07 0.302744E-07 0.335117E-07 0.384324E-07
0.827918E-08 0.134644E-07 0.171337E-07 0.205165E-07 0.237870E-07 0.270574E-07 0.304623E-07 0.341513E-07 0.384324E-07 0.453937E-07
0.366404E-08 0.499683E-08 0.566477E-08 0.614967E-08 0.653052E-08 0.684722E-08 0.712686E-08 0.738829E-08 0.765409E-08 0.803703E-08
0.499683E-08 0.718946E-08 0.839431E-08 0.931296E-08 0.100582E-07 0.106904E-07 0.112545E-07 0.117843E-07 0.123236E-07 0.131008E-07
0.566477E-08 0.839431E-08 0.998204E-08 0.112364E-07 0.122816E-07 0.131853E-07 0.140015E-07 0.147728E-07 0.155599E-07 0.166946E-07
0.614967E-08 0.931296E-08 0.112364E-07 0.128031E-07 0.141418E-07 0.153225E-07 0.164042E-07 0.174352E-07 0.184913E-07 0.200153E-07
0.653052E-08 0.100582E-07 0.122816E-07 0.141418E-07 0.157697E-07 0.172353E-07 0.186002E-07 0.199161E-07 0.212721E-07 0.232326E-07
0.684722E-08 0.106904E-07 0.131853E-07 0.153225E-07 0.172353E-07 0.189938E-07 0.206625E-07 0.222949E-07 0.239926E-07 0.264562E-07
0.712686E-08 0.112545E-07 0.140015E-07 0.164042E-07 0.186002E-07 0.206625E-07 0.226602E-07 0.246512E-07 0.267508E-07 0.298187E-07
0.738829E-08 0.117843E-07 0.147728E-07 0.174352E-07 0.199161E-07 0.222949E-07 0.246512E-07 0.270536E-07 0.296392E-07 0.334682E-07
0.765409E-08 0.123236E-07 0.155599E-07 0.184913E-07 0.212721E-07 0.239926E-07 0.267508E-07 0.296392E-07 0.328406E-07 0.377107E-07
0.803703E-08 0.131008E-07 0.166946E-07 0.200153E-07 0.232326E-07 0.264562E-07 0.298187E-07 0.334682E-07 0.377107E-07 0.446207E-07
0.354538E-08 0.484224E-08 0.549293E-08 0.596552E-08 0.633682E-08 0.664564E-08 0.691833E-08 0.717328E-08 0.743248E-08 0.780593E-08
0.484224E-08 0.697849E-08 0.815392E-08 0.905077E-08 0.977872E-08 0.103964E-07 0.109477E-07 0.114655E-07 0.119927E-07 0.127523E-07
0.549293E-08 0.815392E-08 0.970417E-08 0.109301E-07 0.119523E-07 0.128366E-07 0.136355E-07 0.143907E-07 0.151613E-07 0.162723E-07
0.596552E-08 0.905077E-08 0.109301E-07 0.124626E-07 0.137733E-07 0.149301E-07 0.159905E-07 0.170014E-07 0.180371E-07 0.195317E-07
0.633682E-08 0.977872E-08 0.119523E-07 0.137733E-07 0.153687E-07 0.168062E-07 0.181461E-07 0.194383E-07 0.207702E-07 0.226960E-07
0.664564E-08 0.103964E-07 0.128366E-07 0.149301E-07 0.168062E-07 0.185331E-07 0.201731E-07 0.217785E-07 0.234487E-07 0.258726E-07
0.691833E-08 0.109477E-07 0.136355E-07 0.159905E-07 0.181461E-07 0.201731E-07 0.221389E-07 0.240997E-07 0.261684E-07 0.291920E-07
0.717328E-08 0.114655E-07 0.143907E-07 0.170014E-07 0.194383E-07 0.217785E-07 0.240997E-07 0.264687E-07 0.290205E-07 0.328010E-07
0.743248E-08 0.119927E-07 0.151613E-07 0.180371E-07 0.207702E-07 0.234487E-07 0.261684E-07 0.290205E-07 0.321853E-07 0.370036E-07
0.780593E-08 0.127523E-07 0.162723E-07 0.195317E-07 0.226960E-07 0.258726E-07 0.291920E-07 0.328010E-07 0.370036E-07 0.438598E-07
0.343190E-08 0.469433E-08 0.532846E-08 0.578924E-08 0.615135E-08 0.645257E-08 0.671858E-08 0.696729E-08 0.722015E-08 0.758446E-08
0.469433E-08 0.677647E-08 0.792358E-08 0.879940E-08 0.951061E-08 0.101143E-07 0.106532E-07 0.111594E-07 0.116748E-07 0.124174E-07
0.532846E-08 0.792358E-08 0.943767E-08 0.106360E-07 0.116359E-07 0.125013E-07 0.132834E-07 0.140228E-07 0.147774E-07 0.158652E-07
0.578924E-08 0.879940E-08 0.106360E-07 0.121352E-07 0.134187E-07 0.145521E-07 0.155916E-07 0.165829E-07 0.175985E-07 0.190643E-07
0.615135E-08 0.951061E-08 0.116359E-07 0.134187E-07 0.149822E-07 0.163923E-07 0.177073E-07 0.189762E-07 0.202843E-07 0.221758E-07
0.645257E-08 0.101143E-07 0.125013E-07 0.145521E-07 0.163923E-07 0.180878E-07 0.196994E-07 0.212780E-07 0.229208E-07 0.253053E-07
0.671858E-08 0.106532E-07 0.132834E-07 0.155916E-07 0.177073E-07 0.196994E-07 0.216334E-07 0.235640E-07 0.256020E-07 0.285812E-07
0.696729E-08 0.111594E-07 0.140228E-07 0.165829E-07 0.189762E-07 0.212780E-07 0.235640E-07 0.258997E-07 0.284174E-07 0.321490E-07
0.722015E-08 0.116748E-07 0.147774E-07 0.175985E-07 0.202843E-07 0.229208E-07 0.256020E-07 0.284174E-07 0.315450E-07 0.363104E-07
0.758446E-08 0.124174E-07 0.158652E-07 0.190643E-07 0.221758E-07 0.253053E-07 0.285812E-07 0.321490E-07 0.363104E-07 0.431106E-07
0.332293E-08 0.455233E-08 0.517057E-08 0.562000E-08 0.597328E-08 0.626719E-08 0.652677E-08 0.676947E-08 0.701623E-08 0.737175E-08
0.455233E-08 0.658254E-08 0.770242E-08 0.855795E-08 0.925299E-08 0.984312E-08 0.103700E-07 0.108650E-07 0.113689E-07 0.120951E-07
0.517057E-08 0.770242E-08 0.918163E-08 0.103533E-07 0.113315E-07 0.121785E-07 0.129443E-07 0.136683E-07 0.144072E-07 0.154726E-07
0.562000E-08 0.855795E-08 0.103533E-07 0.118202E-07 0.130770E-07 0.141877E-07 0.152066E-07 0.161787E-07 0.171747E-07 0.186122E-07
0.597328E-08 0.925299E-08 0.113315E-07 0.130770E-07 0.146094E-07 0.159925E-07 0.172832E-07 0.185291E-07 0.198138E-07 0.216715E-07
0.626719E-08 0.984312E-08 0.121785E-07 0.141877E-07 0.159925E-07 0.176572E-07 0.192408E-07 0.207928E-07 0.224085E-07 0.247538E-07
0.652677E-08 0.103700E-07 0.129443E-07 0.152066E-07 0.172832E-07 0.192408E-07 0.211432E-07 0.230438E-07 0.250510E-07 0.279860E-07
0.676947E-08 0.108650E-07 0.136683E-07 0.161787E-07 0.185291E-07 0.207928E-07 0.230438E-07 0.253460E-07 0.278295E-07 0.315120E-07
0.701623E-08 0.113689E-07 0.144072E-07 0.171747E-07 0.198138E-07 0.224085E-07 0.250510E-07 0.278295E-07 0.309195E-07 0.356312E-07
0.737175E-08 0.120951E-07 0.154726E-07 0.186122E-07 0.216715E-07 0.247538E-07 0.279860E-07 0.315120E-07 0.356312E-07 0.423733E-07
0.321805E-08 0.441569E-08 0.501866E-08 0.545716E-08 0.580193E-08 0.608881E-08 0.634219E-08 0.657910E-08 0.681998E-08 0.716702E-08
0.441569E-08 0.639597E-08 0.748962E-08 0.832557E-08 0.900498E-08 0.958199E-08 0.100973E-07 0.105813E-07 0.110742E-07 0.117845E-07
0.501866E-08 0.748962E-08 0.893515E-08 0.100809E-07 0.110382E-07 0.118673E-07 0.126172E-07 0.133262E-07 0.140499E-07 0.150933E-07
0.545716E-08 0.832557E-08 0.100809E-07 0.115166E-07 0.127474E-07 0.138358E-07 0.148348E-07 0.157880E-07 0.167648E-07 0.181746E-07
0.580193E-08 0.900498E-08 0.110382E-07 0.127474E-07 0.142494E-07 0.156061E-07 0.168729E-07 0.180961E-07 0.193577E-07 0.211822E-07
0.608881E-08 0.958199E-08 0.118673E-07 0.138358E-07 0.156061E-07 0.172404E-07 0.187964E-07 0.203221E-07 0.219109E-07 0.242175E-07
0.634219E-08 0.100973E-07 0.126172E-07 0.148348E-07 0.168729E-07 0.187964E-07 0.206674E-07 0.225381E-07 0.245148E-07 0.274057E-07
