0.715297E-08 0.864263E-08 0.943274E-08 0.100997E-07 0.106936E-07 0.112582E-07 0.118120E-07 0.123746E-07 0.129938E-07 0.142366E-07
0.864263E-08 0.106569E-07 0.117593E-07 0.127073E-07 0.135655E-07 0.143934E-07 0.152167E-07 0.160639E-07 0.170067E-07 0.189164E-07
0.943274E-08 0.117593E-07 0.130555E-07 0.141824E-07 0.152126E-07 0.162158E-07 0.172225E-07 0.182676E-07 0.194400E-07 0.218323E-07
0.100997E-07 0.127073E-07 0.141824E-07 0.154773E-07 0.166716E-07 0.178445E-07 0.190314E-07 0.202739E-07 0.216793E-07 0.245697E-07
0.106936E-07 0.135655E-07 0.152126E-07 0.166716E-07 0.180284E-07 0.193720E-07 0.207428E-07 0.221902E-07 0.238412E-07 0.272675E-07
0.112582E-07 0.143934E-07 0.162158E-07 0.178445E-07 0.193720E-07 0.208972E-07 0.224670E-07 0.241396E-07 0.260659E-07 0.301072E-07
0.118120E-07 0.152167E-07 0.172225E-07 0.190314E-07 0.207428E-07 0.224670E-07 0.242583E-07 0.261865E-07 0.284319E-07 0.332077E-07
0.123746E-07 0.160639E-07 0.182676E-07 0.202739E-07 0.221902E-07 0.241396E-07 0.261865E-07 0.284159E-07 0.310477E-07 0.367488E-07
0.129938E-07 0.170067E-07 0.194400E-07 0.216793E-07 0.238412E-07 0.260659E-07 0.284319E-07 0.310477E-07 0.341923E-07 0.411950E-07
0.142366E-07 0.189164E-07 0.218323E-07 0.245697E-07 0.272675E-07 0.301072E-07 0.332077E-07 0.367488E-07 0.411950E-07 0.519493E-07
0.692162E-08 0.837066E-08 0.914017E-08 0.979019E-08 0.103695E-07 0.109204E-07 0.114610E-07 0.120106E-07 0.126156E-07 0.138304E-07
0.837066E-08 0.103325E-07 0.114079E-07 0.123334E-07 0.131719E-07 0.139814E-07 0.147870E-07 0.156165E-07 0.165401E-07 0.184116E-07
0.914017E-08 0.114079E-07 0.126734E-07 0.137747E-07 0.147824E-07 0.157645E-07 0.167508E-07 0.177754E-07 0.189256E-07 0.212738E-07
0.979019E-08 0.123334E-07 0.137747E-07 0.150412E-07 0.162105E-07 0.173599E-07 0.185241E-07 0.197438E-07 0.211244E-07 0.239657E-07
0.103695E-07 0.131719E-07 0.147824E-07 0.162105E-07 0.175401E-07 0.188580E-07 0.202040E-07 0.216264E-07 0.232502E-07 0.266231E-07
0.109204E-07 0.139814E-07 0.157645E-07 0.173599E-07 0.188580E-07 0.203555E-07 0.218984E-07 0.235440E-07 0.254410E-07 0.294248E-07
0.114610E-07 0.147870E-07 0.167508E-07 0.185241E-07 0.202040E-07 0.218984E-07 0.236608E-07 0.255599E-07 0.277741E-07 0.324888E-07
0.120106E-07 0.156165E-07 0.177754E-07 0.197438E-07 0.216264E-07 0.235440E-07 0.255599E-07 0.277585E-07 0.303572E-07 0.359945E-07
0.126156E-07 0.165401E-07 0.189256E-07 0.211244E-07 0.232502E-07 0.254410E-07 0.277741E-07 0.303572E-07 0.334671E-07 0.404047E-07
0.138304E-07 0.184116E-07 0.212738E-07 0.239657E-07 0.266231E-07 0.294248E-07 0.324888E-07 0.359945E-07 0.404047E-07 0.511013E-07
0.670029E-08 0.811024E-08 0.885985E-08 0.949348E-08 0.100585E-07 0.105961E-07 0.111240E-07 0.116608E-07 0.122520E-07 0.134394E-07
0.811024E-08 0.100215E-07 0.110705E-07 0.119742E-07 0.127935E-07 0.135850E-07 0.143731E-07 0.151852E-07 0.160898E-07 0.179236E-07
0.885985E-08 0.110705E-07 0.123061E-07 0.133823E-07 0.143680E-07 0.153293E-07 0.162954E-07 0.172998E-07 0.184280E-07 0.207325E-07
0.949348E-08 0.119742E-07 0.133823E-07 0.146211E-07 0.157657E-07 0.168919E-07 0.180335E-07 0.192306E-07 0.205864E-07 0.233787E-07
0.100585E-07 0.127935E-07 0.143680E-07 0.157657E-07 0.170685E-07 0.183609E-07 0.196820E-07 0.210795E-07 0.226762E-07 0.259952E-07
0.105961E-07 0.135850E-07 0.153293E-07 0.168919E-07 0.183609E-07 0.198307E-07 0.213467E-07 0.229651E-07 0.248326E-07 0.287581E-07
0.111240E-07 0.143731E-07 0.162954E-07 0.180335E-07 0.196820E-07 0.213467E-07 0.230800E-07 0.249499E-07 0.271323E-07 0.317846E-07
0.116608E-07 0.151852E-07 0.172998E-07 0.192306E-07 0.210795E-07 0.229651E-07 0.249499E-07 0.271171E-07 0.296819E-07 0.352532E-07
0.122520E-07 0.160898E-07 0.184280E-07 0.205864E-07 0.226762E-07 0.248326E-07 0.271323E-07 0.296819E-07 0.327558E-07 0.396251E-07
0.134394E-07 0.179236E-07 0.207325E-07 0.233787E-07 0.259952E-07 0.287581E-07 0.317846E-07 0.352532E-07 0.396251E-07 0.502575E-07
0.648874E-08 0.786111E-08 0.859152E-08 0.920931E-08 0.976050E-08 0.102853E-07 0.108007E-07 0.113251E-07 0.119028E-07 0.130634E-07
0.786111E-08 0.972351E-08 0.107471E-07 0.116294E-07 0.124300E-07 0.132038E-07 0.139749E-07 0.147699E-07 0.156558E-07 0.174525E-07
0.859152E-08 0.107471E-07 0.119535E-07 0.130053E-07 0.139693E-07 0.149102E-07 0.158565E-07 0.168410E-07 0.179474E-07 0.202085E-07
0.920931E-08 0.116294E-07 0.130053E-07 0.142168E-07 0.153373E-07 0.164406E-07 0.175599E-07 0.187345E-07 0.200657E-07 0.228092E-07
0.976050E-08 0.124300E-07 0.139693E-07 0.153373E-07 0.166135E-07 0.178807E-07 0.191773E-07 0.205499E-07 0.221195E-07 0.253845E-07
0.102853E-07 0.132038E-07 0.149102E-07 0.164406E-07 0.178807E-07 0.193232E-07 0.208123E-07 0.224036E-07 0.242414E-07 0.281080E-07
0.108007E-07 0.139749E-07 0.158565E-07 0.175599E-07 0.191773E-07 0.208123E-07 0.225165E-07 0.243569E-07 0.265072E-07 0.310961E-07
0.113251E-07 0.147699E-07 0.168410E-07 0.187345E-07 0.205499E-07 0.224036E-07 0.243569E-07 0.264924E-07 0.290227E-07 0.345263E-07
0.119028E-07 0.156558E-07 0.179474E-07 0.200657E-07 0.221195E-07 0.242414E-07 0.265072E-07 0.290227E-07 0.320597E-07 0.388579E-07
0.130634E-07 0.174525E-07 0.202085E-07 0.228092E-07 0.253845E-07 0.281080E-07 0.310961E-07 0.345263E-07 0.388579E-07 0.494202E-07
0.628696E-08 0.762326E-08 0.833517E-08 0.893767E-08 0.947549E-08 0.998775E-08 0.104911E-07 0.110035E-07 0.115681E-07 0.127026E-07
0.762326E-08 0.943860E-08 0.104375E-07 0.112992E-07 0.120815E-07 0.128382E-07 0.135926E-07 0.143707E-07 0.152384E-07 0.169986E-07
0.833517E-08 0.104375E-07 0.116156E-07 0.126437E-07 0.135866E-07 0.145075E-07 0.154343E-07 0.163991E-07 0.174841E-07 0.197025E-07
0.893767E-08 0.112992E-07 0.126437E-07 0.138286E-07 0.149254E-07 0.160063E-07 0.171036E-07 0.182559E-07 0.195628E-07 0.222578E-07
0.947549E-08 0.120815E-07 0.135866E-07 0.149254E-07 0.161756E-07 0.174180E-07 0.186902E-07 0.200381E-07 0.215806E-07 0.247918E-07
0.998775E-08 0.128382E-07 0.145075E-07 0.160063E-07 0.174180E-07 0.188333E-07 0.202957E-07 0.218599E-07 0.236681E-07 0.274756E-07
0.104911E-07 0.135926E-07 0.154343E-07 0.171036E-07 0.186902E-07 0.202957E-07 0.219709E-07 0.237818E-07 0.258998E-07 0.304245E-07
0.110035E-07 0.143707E-07 0.163991E-07 0.182559E-07 0.200381E-07 0.218599E-07 0.237818E-07 0.258853E-07 0.283806E-07 0.338153E-07
0.115681E-07 0.152384E-07 0.174841E-07 0.195628E-07 0.215806E-07 0.236681E-07 0.258998E-07 0.283806E-07 0.313799E-07 0.381047E-07
0.127026E-07 0.169986E-07 0.197025E-07 0.222578E-07 0.247918E-07 0.274756E-07 0.304245E-07 0.338153E-07 0.381047E-07 0.485917E-07
0.609536E-08 0.739707E-08 0.809119E-08 0.867894E-08 0.920384E-08 0.970401E-08 0.101957E-07 0.106964E-07 0.112482E-07 0.123575E-07
0.739707E-08 0.916712E-08 0.101421E-07 0.109838E-07 0.117484E-07 0.124884E-07 0.132265E-07 0.139883E-07 0.148380E-07 0.165625E-07
0.809119E-08 0.101421E-07 0.112929E-07 0.122978E-07 0.132201E-07 0.141216E-07 0.150293E-07 0.159748E-07 0.170386E-07 0.192149E-07
0.867894E-08 0.109838E-07 0.122978E-07 0.134569E-07 0.145305E-07 0.155893E-07 0.166650E-07 0.177954E-07 0.190782E-07 0.217252E-07
0.920384E-08 0.117484E-07 0.132201E-07 0.145305E-07 0.157551E-07 0.169731E-07 0.182213E-07 0.195447E-07 0.210604E-07 0.242180E-07
0.970401E-08 0.124884E-07 0.141216E-07 0.155893E-07 0.169731E-07 0.183616E-07 0.197976E-07 0.213349E-07 0.231134E-07 0.268619E-07
0.101957E-07 0.132265E-07 0.150293E-07 0.166650E-07 0.182213E-07 0.197976E-07 0.214440E-07 0.232254E-07 0.253110E-07 0.297711E-07
0.106964E-07 0.139883E-07 0.159748E-07 0.177954E-07 0.195447E-07 0.213349E-07 0.232254E-07 0.252969E-07 0.277569E-07 0.331215E-07
0.112482E-07 0.148380E-07 0.170386E-07 0.190782E-07 0.210604E-07 0.231134E-07 0.253110E-07 0.277569E-07 0.307178E-07 0.373673E-07
0.123575E-07 0.165625E-07 0.192149E-07 0.217252E-07 0.242180E-07 0.268619E-07 0.297711E-07 0.331215E-07 0.373673E-07 0.477743E-07
0.591416E-08 0.718275E-08 0.785976E-08 0.843332E-08 0.894577E-08 0.943427E-08 0.991468E-08 0.104040E-07 0.109435E-07 0.120282E-07
0.718275E-08 0.890928E-08 0.986127E-08 0.106836E-07 0.114310E-07 0.121548E-07 0.128771E-07 0.136228E-07 0.144550E-07 0.161446E-07
0.785976E-08 0.986127E-08 0.109856E-07 0.119681E-07 0.128704E-07 0.137528E-07 0.146419E-07 0.155684E-07 0.166115E-07 0.187463E-07
0.843332E-08 0.106836E-07 0.119681E-07 0.131019E-07 0.141530E-07 0.151902E-07 0.162447E-07 0.173535E-07 0.186126E-07 0.212121E-07
0.894577E-08 0.114310E-07 0.128704E-07 0.141530E-07 0.153526E-07 0.165466E-07 0.177711E-07 0.190705E-07 0.205596E-07 0.236640E-07
0.943427E-08 0.121548E-07 0.137528E-07 0.151902E-07 0.165466E-07 0.179087E-07 0.193186E-07 0.208292E-07 0.225783E-07 0.262678E-07
0.991468E-08 0.128771E-07 0.146419E-07 0.162447E-07 0.177711E-07 0.193186E-07 0.209364E-07 0.226886E-07 0.247417E-07 0.291370E-07
0.104040E-07 0.136228E-07 0.155684E-07 0.173535E-07 0.190705E-07 0.208292E-07 0.226886E-07 0.247279E-07 0.271524E-07 0.324463E-07
0.109435E-07 0.144550E-07 0.166115E-07 0.186126E-07 0.205596E-07 0.225783E-07 0.247417E-07 0.271524E-07 0.300745E-07 0.366473E-07
0.120282E-07 0.161446E-07 0.187463E-07 0.212121E-07 0.236640E-07 0.262678E-07 0.291370E-07 0.324463E-07 0.366473E-07 0.469703E-07
0.574343E-08 0.698033E-08 0.764094E-08 0.820085E-08 0.870130E-08 0.917854E-08 0.964804E-08 0.101264E-07 0.106540E-07 0.117149E-07
0.698033E-08 0.866509E-08 0.959491E-08 0.103986E-07 0.111293E-07 0.118373E-07 0.125442E-07 0.132744E-07 0.140895E-07 0.157451E-07
0.764094E-08 0.959491E-08 0.106936E-07 0.116544E-07 0.125372E-07 0.134011E-07 0.142720E-07 0.151801E-07 0.162029E-07 0.182971E-07
0.820085E-08 0.103986E-07 0.116544E-07 0.127638E-07 0.137929E-07 0.148090E-07 0.158427E-07 0.169303E-07 0.181662E-07 0.207189E-07
0.870130E-08 0.111293E-07 0.125372E-07 0.137929E-07 0.149680E-07 0.161386E-07 0.173399E-07 0.186154E-07 0.200783E-07 0.231301E-07
0.917854E-08 0.118373E-07 0.134011E-07 0.148090E-07 0.161386E-07 0.174748E-07 0.188590E-07 0.203432E-07 0.220631E-07 0.256940E-07
0.964804E-08 0.125442E-07 0.142720E-07 0.158427E-07 0.173399E-07 0.188590E-07 0.204485E-07 0.221715E-07 0.241924E-07 0.285229E-07
0.101264E-07 0.132744E-07 0.151801E-07 0.169303E-07 0.186154E-07 0.203432E-07 0.221715E-07 0.241789E-07 0.265679E-07 0.317905E-07
0.106540E-07 0.140895E-07 0.162029E-07 0.181662E-07 0.200783E-07 0.220631E-07 0.241924E-07 0.265679E-07 0.294509E-07 0.359456E-07
0.117149E-07 0.157451E-07 0.182971E-07 0.207189E-07 0.231301E-07 0.256940E-07 0.285229E-07 0.317905E-07 0.359456E-07 0.461810E-07
0.558238E-08 0.678890E-08 0.743375E-08 0.798052E-08 0.846941E-08 0.893578E-08 0.939473E-08 0.986246E-08 0.103785E-07 0.114163E-07
0.678890E-08 0.843353E-08 0.934196E-08 0.101275E-07 0.108422E-07 0.115349E-07 0.122268E-07 0.129418E-07 0.137403E-07 0.153626E-07
0.743375E-08 0.934196E-08 0.104160E-07 0.113557E-07 0.122196E-07 0.130655E-07 0.139186E-07 0.148086E-07 0.158115E-07 0.178659E-07
0.798052E-08 0.101275E-07 0.113557E-07 0.124413E-07 0.134490E-07 0.144445E-07 0.154579E-07 0.165247E-07 0.177377E-07 0.202444E-07
0.846941E-08 0.108422E-07 0.122196E-07 0.134490E-07 0.146003E-07 0.157478E-07 0.169263E-07 0.181785E-07 0.196155E-07 0.226152E-07
0.893578E-08 0.115349E-07 0.130655E-07 0.144445E-07 0.157478E-07 0.170587E-07 0.184175E-07 0.198757E-07 0.215667E-07 0.251393E-07
0.939473E-08 0.122268E-07 0.139186E-07 0.154579E-07 0.169263E-07 0.184175E-07 0.199791E-07 0.216733E-07 0.236621E-07 0.279279E-07
0.986246E-08 0.129418E-07 0.148086E-07 0.165247E-07 0.181785E-07 0.198757E-07 0.216733E-07 0.236488E-07 0.260023E-07 0.311535E-07
0.103785E-07 0.137403E-07 0.158115E-07 0.177377E-07 0.196155E-07 0.215667E-07 0.236621E-07 0.260023E-07 0.288460E-07 0.352617E-07
0.114163E-07 0.153626E-07 0.178659E-07 0.202444E-07 0.226152E-07 0.251393E-07 0.279279E-07 0.311535E-07 0.352617E-07 0.454063E-07
0.543021E-08 0.660763E-08 0.723734E-08 0.777148E-08 0.824924E-08 0.870512E-08 0.915389E-08 0.961136E-08 0.101162E-07 0.111317E-07
0.660763E-08 0.821371E-08 0.910154E-08 0.986966E-08 0.105688E-07 0.112466E-07 0.119240E-07 0.126243E-07 0.134066E-07 0.149965E-07
0.723734E-08 0.910154E-08 0.101517E-07 0.110710E-07 0.119166E-07 0.127449E-07 0.135808E-07 0.144532E-07 0.154367E-07 0.174521E-07
0.777148E-08 0.986966E-08 0.110710E-07 0.121336E-07 0.131204E-07 0.140960E-07 0.150895E-07 0.161360E-07 0.173264E-07 0.197879E-07
0.824924E-08 0.105688E-07 0.119166E-07 0.131204E-07 0.142485E-07 0.153736E-07 0.165298E-07 0.177590E-07 0.191706E-07 0.221189E-07
0.870512E-08 0.112466E-07 0.127449E-07 0.140960E-07 0.153736E-07 0.166596E-07 0.179936E-07 0.194261E-07 0.210885E-07 0.246034E-07
0.915389E-08 0.119240E-07 0.135808E-07 0.150895E-07 0.165298E-07 0.179936E-07 0.195276E-07 0.211933E-07 0.231502E-07 0.273516E-07
0.961136E-08 0.126243E-07 0.144532E-07 0.161360E-07 0.177590E-07 0.194261E-07 0.211933E-07 0.231372E-07 0.254554E-07 0.305349E-07
0.101162E-07 0.134066E-07 0.154367E-07 0.173264E-07 0.191706E-07 0.210885E-07 0.231502E-07 0.254554E-07 0.282596E-07 0.345956E-07
0.111317E-07 0.149965E-07 0.174521E-07 0.197879E-07 0.221189E-07 0.246034E-07 0.273516E-07 0.305349E-07 0.345956E-07 0.446466E-07
0.528546E-08 0.643496E-08 0.705010E-08 0.757208E-08 0.803909E-08 0.848486E-08 0.892379E-08 0.937135E-08 0.986535E-08 0.108593E-07
0.643496E-08 0.800396E-08 0.887191E-08 0.962317E-08 0.103072E-07 0.109707E-07 0.116340E-07 0.123199E-07 0.130865E-07 0.146448E-07
0.705010E-08 0.887191E-08 0.989900E-08 0.107986E-07 0.116265E-07 0.124377E-07 0.132568E-07 0.141120E-07 0.150765E-07 0.170537E-07
0.757208E-08 0.962317E-08 0.107986E-07 0.118388E-07 0.128054E-07 0.137614E-07 0.147355E-07 0.157622E-07 0.169306E-07 0.193477E-07
0.803909E-08 0.103072E-07 0.116265E-07 0.128054E-07 0.139109E-07 0.150141E-07 0.161484E-07 0.173551E-07 0.187416E-07 0.216393E-07
0.848486E-08 0.109707E-07 0.124377E-07 0.137614E-07 0.150141E-07 0.162757E-07 0.175852E-07 0.189925E-07 0.206267E-07 0.240845E-07
0.892379E-08 0.116340E-07 0.132568E-07 0.147355E-07 0.161484E-07 0.175852E-07 0.190921E-07 0.207297E-07 0.226551E-07 0.267924E-07
0.937135E-08 0.123199E-07 0.141120E-07 0.157622E-07 0.173551E-07 0.189925E-07 0.207297E-07 0.226423E-07 0.249253E-07 0.299332E-07
0.986535E-08 0.130865E-07 0.150765E-07 0.169306E-07 0.187416E-07 0.206267E-07 0.226551E-07 0.249253E-07 0.276900E-07 0.339459E-07
0.108593E-07 0.146448E-07 0.170537E-07 0.193477E-07 0.216393E-07 0.240845E-07 0.267924E-07 0.299332E-07 0.339459E-07 0.439010E-07
0.514661E-08 0.626923E-08 0.687035E-08 0.738059E-08 0.783725E-08 0.827324E-08 0.870264E-08 0.914060E-08 0.962411E-08 0.105971E-07
0.626923E-08 0.780251E-08 0.865128E-08 0.938623E-08 0.100557E-07 0.107053E-07 0.113548E-07 0.120268E-07 0.127780E-07 0.143056E-07
0.687035E-08 0.865128E-08 0.965608E-08 0.105365E-07 0.113472E-07 0.121419E-07 0.129445E-07 0.137830E-07 0.147289E-07 0.166689E-07
0.738059E-08 0.938623E-08 0.105365E-07 0.115551E-07 0.125020E-07 0.134390E-07 0.143942E-07 0.154014E-07 0.165482E-07 0.189217E-07
0.783725E-08 0.100557E-07 0.113472E-07 0.125020E-07 0.135854E-07 0.146672E-07 0.157801E-07 0.169647E-07 0.183266E-07 0.211745E-07
0.827324E-08 0.107053E-07 0.121419E-07 0.134390E-07 0.146672E-07 0.159050E-07 0.171906E-07 0.185730E-07 0.201794E-07 0.235808E-07
0.870264E-08 0.113548E-07 0.129445E-07 0.143942E-07 0.157801E-07 0.171906E-07 0.186708E-07 0.202806E-07 0.221748E-07 0.262486E-07
0.914060E-08 0.120268E-07 0.137830E-07 0.154014E-07 0.169647E-07 0.185730E-07 0.202806E-07 0.221623E-07 0.244103E-07 0.293468E-07
0.962411E-08 0.127780E-07 0.147289E-07 0.165482E-07 0.183266E-07 0.201794E-07 0.221748E-07 0.244103E-07 0.271356E-07 0.333110E-07
0.105971E-07 0.143056E-07 0.166689E-07 0.189217E-07 0.211745E-07 0.235808E-07 0.262486E-07 0.293468E-07 0.333110E-07 0.431681E-07
0.501245E-08 0.610918E-08 0.669677E-08 0.719568E-08 0.764232E-08 0.806886E-08 0.848906E-08 0.891771E-08 0.939105E-08 0.103437E-07
0.610918E-08 0.760800E-08 0.843824E-08 0.915742E-08 0.981273E-08 0.104488E-07 0.110851E-07 0.117435E-07 0.124798E-07 0.139774E-07
0.669677E-08 0.843824E-08 0.942148E-08 0.102834E-07 0.110773E-07 0.118559E-07 0.126426E-07 0.134647E-07 0.143926E-07 0.162961E-07
0.719568E-08 0.915742E-08 0.102834E-07 0.112809E-07 0.122087E-07 0.131272E-07 0.140639E-07 0.150521E-07 0.161777E-07 0.185086E-07
0.764232E-08 0.981273E-08 0.110773E-07 0.122087E-07 0.132707E-07 0.143316E-07 0.154236E-07 0.165865E-07 0.179242E-07 0.207231E-07
0.806886E-08 0.104488E-07 0.118559E-07 0.131272E-07 0.143316E-07 0.155461E-07 0.168082E-07 0.181661E-07 0.197452E-07 0.230909E-07
0.848906E-08 0.110851E-07 0.126426E-07 0.140639E-07 0.154236E-07 0.168082E-07 0.182623E-07 0.198447E-07 0.217080E-07 0.257189E-07
0.891771E-08 0.117435E-07 0.134647E-07 0.150521E-07 0.165865E-07 0.181661E-07 0.198447E-07 0.216957E-07 0.239090E-07 0.287745E-07
0.939105E-08 0.124798E-07 0.143926E-07 0.161777E-07 0.179242E-07 0.197452E-07 0.217080E-07 0.239090E-07 0.265952E-07 0.326899E-07
0.103437E-07 0.139774E-07 0.162961E-07 0.185086E-07 0.207231E-07 0.230909E-07 0.257189E-07 0.287745E-07 0.326899E-07 0.424472E-07
0.488233E-08 0.595410E-08 0.652864E-08 0.701662E-08 0.745359E-08 0.787099E-08 0.828227E-08 0.870193E-08 0.916541E-08 0.100983E-07
0.595410E-08 0.741969E-08 0.823203E-08 0.893597E-08 0.957758E-08 0.102006E-07 0.108239E-07 0.114692E-07 0.121910E-07 0.136594E-07
0.652864E-08 0.823203E-08 0.919442E-08 0.100384E-07 0.108161E-07 0.115791E-07 0.123503E-07 0.131564E-07 0.140667E-07 0.159346E-07
0.701662E-08 0.893597E-08 0.100384E-07 0.110156E-07 0.119248E-07 0.128252E-07 0.137439E-07 0.147135E-07 0.158185E-07 0.181075E-07
0.745359E-08 0.957758E-08 0.108161E-07 0.119248E-07 0.129659E-07 0.140064E-07 0.150780E-07 0.162197E-07 0.175337E-07 0.202844E-07
0.787099E-08 0.102006E-07 0.115791E-07 0.128252E-07 0.140064E-07 0.151981E-07 0.164373E-07 0.177713E-07 0.193234E-07 0.226141E-07
0.828227E-08 0.108239E-07 0.123503E-07 0.137439E-07 0.150780E-07 0.164373E-07 0.178657E-07 0.194211E-07 0.212541E-07 0.252026E-07
0.870193E-08 0.114692E-07 0.131564E-07 0.147135E-07 0.162197E-07 0.177713E-07 0.194211E-07 0.212419E-07 0.234209E-07 0.282158E-07
0.916541E-08 0.121910E-07 0.140667E-07 0.158185E-07 0.175337E-07 0.193234E-07 0.212541E-07 0.234209E-07 0.260681E-07 0.320822E-07
0.100983E-07 0.136594E-07 0.159346E-07 0.181075E-07 0.202844E-07 0.226141E-07 0.252026E-07 0.282158E-07 0.320822E-07 0.417382E-07
0.475621E-08 0.580389E-08 0.636584E-08 0.684327E-08 0.727089E-08 0.767945E-08 0.808211E-08 0.849305E-08 0.894698E-08 0.986081E-08
0.580389E-08 0.723741E-08 0.803246E-08 0.872165E-08 0.935001E-08 0.996031E-08 0.105711E-07 0.112036E-07 0.119113E-07 0.133513E-07
0.636584E-08 0.803246E-08 0.897469E-08 0.980133E-08 0.105633E-07 0.113111E-07 0.120672E-07 0.128579E-07 0.137509E-07 0.155841E-07
0.684327E-08 0.872165E-08 0.980133E-08 0.107587E-07 0.116498E-07 0.125328E-07 0.134340E-07 0.143854E-07 0.154702E-07 0.177182E-07
0.727089E-08 0.935001E-08 0.105633E-07 0.116498E-07 0.126707E-07 0.136914E-07 0.147430E-07 0.158640E-07 0.171547E-07 0.198582E-07
0.767945E-08 0.996031E-08 0.113111E-07 0.125328E-07 0.136914E-07 0.148608E-07 0.160775E-07 0.173880E-07 0.189137E-07 0.221504E-07
0.808211E-08 0.105711E-07 0.120672E-07 0.134340E-07 0.147430E-07 0.160775E-07 0.174807E-07 0.190098E-07 0.208127E-07 0.246997E-07
0.849305E-08 0.112036E-07 0.128579E-07 0.143854E-07 0.158640E-07 0.173880E-07 0.190098E-07 0.208008E-07 0.229458E-07 0.276706E-07
0.894698E-08 0.119113E-07 0.137509E-07 0.154702E-07 0.171547E-07 0.189137E-07 0.208127E-07 0.229458E-07 0.255542E-07 0.314879E-07
0.986081E-08 0.133513E-07 0.155841E-07 0.177182E-07 0.198582E-07 0.221504E-07 0.246997E-07 0.276706E-07 0.314879E-07 0.410415E-07
0.463447E-08 0.565892E-08 0.620872E-08 0.667595E-08 0.709455E-08 0.749457E-08 0.788890E-08 0.829140E-08 0.873608E-08 0.963141E-08
0.565892E-08 0.706150E-08 0.783984E-08 0.851477E-08 0.913031E-08 0.972832E-08 0.103270E-07 0.109471E-07 0.116410E-07 0.130534E-07
0.620872E-08 0.783984E-08 0.876258E-08 0.957242E-08 0.103191E-07 0.110522E-07 0.117936E-07 0.125692E-07 0.134455E-07 0.152448E-07
0.667595E-08 0.851477E-08 0.957242E-08 0.105106E-07 0.113843E-07 0.122501E-07 0.131343E-07 0.140681E-07 0.151331E-07 0.173411E-07
0.709455E-08 0.913031E-08 0.103191E-07 0.113843E-07 0.123854E-07 0.133868E-07 0.144189E-07 0.155197E-07 0.167877E-07 0.194447E-07
0.749457E-08 0.972832E-08 0.110522E-07 0.122501E-07 0.133868E-07 0.145346E-07 0.157293E-07 0.170168E-07 0.185165E-07 0.217000E-07
0.788890E-08 0.103270E-07 0.117936E-07 0.131343E-07 0.144189E-07 0.157293E-07 0.171078E-07 0.186109E-07 0.203843E-07 0.242106E-07
0.829140E-08 0.109471E-07 0.125692E-07 0.140681E-07 0.155197E-07 0.170168E-07 0.186109E-07 0.203726E-07 0.224841E-07 0.271395E-07
0.873608E-08 0.116410E-07 0.134455E-07 0.151331E-07 0.167877E-07 0.185165E-07 0.203843E-07 0.224841E-07 0.250541E-07 0.309077E-07
0.963141E-08 0.130534E-07 0.152448E-07 0.173411E-07 0.194447E-07 0.217000E-07 0.242106E-07 0.271395E-07 0.309077E-07 0.403580E-07
0.451772E-08 0.551981E-08 0.605789E-08 0.651531E-08 0.692519E-08 0.731697E-08 0.770324E-08 0.809759E-08 0.853332E-08 0.941076E-08
0.551981E-08 0.689256E-08 0.765479E-08 0.831595E-08 0.891910E-08 0.950522E-08 0.100921E-07 0.107002E-07 0.113808E-07 0.127664E-07
0.605789E-08 0.765479E-08 0.855871E-08 0.935231E-08 0.100843E-07 0.108031E-07 0.115303E-07 0.122912E-07 0.131512E-07 0.149175E-07
0.651531E-08 0.831595E-08 0.935231E-08 0.102720E-07 0.111286E-07 0.119780E-07 0.128455E-07 0.137621E-07 0.148079E-07 0.169768E-07
0.692519E-08 0.891910E-08 0.100843E-07 0.111286E-07 0.121106E-07 0.130932E-07 0.141064E-07 0.151874E-07 0.164332E-07 0.190449E-07
0.731697E-08 0.950522E-08 0.108031E-07 0.119780E-07 0.130932E-07 0.142199E-07 0.153932E-07 0.166583E-07 0.181325E-07 0.212638E-07
0.770324E-08 0.100921E-07 0.115303E-07 0.128455E-07 0.141064E-07 0.153932E-07 0.167477E-07 0.182252E-07 0.199697E-07 0.237361E-07
0.809759E-08 0.107002E-07 0.122912E-07 0.137621E-07 0.151874E-07 0.166583E-07 0.182252E-07 0.199581E-07 0.220366E-07 0.266234E-07
0.853332E-08 0.113808E-07 0.131512E-07 0.148079E-07 0.164332E-07 0.181325E-07 0.199697E-07 0.220366E-07 0.245687E-07 0.303426E-07
0.941076E-08 0.127664E-07 0.149175E-07 0.169768E-07 0.190449E-07 0.212638E-07 0.237361E-07 0.266234E-07 0.303426E-07 0.396889E-07
0.440613E-08 0.538669E-08 0.591349E-08 0.636143E-08 0.676292E-08 0.714675E-08 0.752523E-08 0.791170E-08 0.833879E-08 0.919891E-08
0.538669E-08 0.673071E-08 0.747739E-08 0.812527E-08 0.871644E-08 0.929105E-08 0.986659E-08 0.104629E-07 0.111306E-07 0.124902E-07
0.591349E-08 0.747739E-08 0.836315E-08 0.914105E-08 0.985874E-08 0.105637E-07 0.112771E-07 0.120238E-07 0.128679E-07 0.146022E-07
0.636143E-08 0.812527E-08 0.914105E-08 0.100428E-07 0.108830E-07 0.117163E-07 0.125677E-07 0.134676E-07 0.144946E-07 0.166254E-07
0.676292E-08 0.871644E-08 0.985874E-08 0.108830E-07 0.118464E-07 0.128108E-07 0.138055E-07 0.148673E-07 0.160913E-07 0.186586E-07
0.714675E-08 0.929105E-08 0.105637E-07 0.117163E-07 0.128108E-07 0.139169E-07 0.150693E-07 0.163124E-07 0.177617E-07 0.208418E-07
0.752523E-08 0.986659E-08 0.112771E-07 0.125677E-07 0.138055E-07 0.150693E-07 0.164002E-07 0.178529E-07 0.195688E-07 0.232763E-07
0.791170E-08 0.104629E-07 0.120238E-07 0.134676E-07 0.148673E-07 0.163124E-07 0.178529E-07 0.195575E-07 0.216035E-07 0.261224E-07
0.833879E-08 0.111306E-07 0.128679E-07 0.144946E-07 0.160913E-07 0.177617E-07 0.195688E-07 0.216035E-07 0.240980E-07 0.297929E-07
0.919891E-08 0.124902E-07 0.146022E-07 0.166254E-07 0.186586E-07 0.208418E-07 0.232763E-07 0.261224E-07 0.297929E-07 0.390347E-07
0.429976E-08 0.525959E-08 0.577552E-08 0.621433E-08 0.660771E-08 0.698386E-08 0.735483E-08 0.773368E-08 0.815241E-08 0.899579E-08
0.525959E-08 0.657592E-08 0.730760E-08 0.794264E-08 0.852224E-08 0.908572E-08 0.965024E-08 0.102353E-07 0.108905E-07 0.122247E-07
0.577552E-08 0.730760E-08 0.817581E-08 0.893854E-08 0.964242E-08 0.103340E-07 0.110340E-07 0.117669E-07 0.125956E-07 0.142986E-07
0.621433E-08 0.794264E-08 0.893854E-08 0.982289E-08 0.106472E-07 0.114649E-07 0.123007E-07 0.131843E-07 0.141931E-07 0.162866E-07
0.660771E-08 0.852224E-08 0.964242E-08 0.106472E-07 0.115926E-07 0.125393E-07 0.135161E-07 0.145590E-07 0.157619E-07 0.182858E-07
0.698386E-08 0.908572E-08 0.103340E-07 0.114649E-07 0.125393E-07 0.136255E-07 0.147575E-07 0.159791E-07 0.174040E-07 0.204339E-07
0.735483E-08 0.965024E-08 0.110340E-07 0.123007E-07 0.135161E-07 0.147575E-07 0.160654E-07 0.174936E-07 0.191817E-07 0.228313E-07
0.773368E-08 0.102353E-07 0.117669E-07 0.131843E-07 0.145590E-07 0.159791E-07 0.174936E-07 0.191705E-07 0.211845E-07 0.256365E-07
0.815241E-08 0.108905E-07 0.125956E-07 0.141931E-07 0.157619E-07 0.174040E-07 0.191817E-07 0.211845E-07 0.236419E-07 0.292585E-07
0.899579E-08 0.122247E-07 0.142986E-07 0.162866E-07 0.182858E-07 0.204339E-07 0.228313E-07 0.256365E-07 0.292585E-07 0.383956E-07
0.419837E-08 0.513821E-08 0.564365E-08 0.607365E-08 0.645921E-08 0.682794E-08 0.719166E-08 0.756315E-08 0.797379E-08 0.880097E-08
0.513821E-08 0.642782E-08 0.714503E-08 0.776767E-08 0.833609E-08 0.888881E-08 0.944265E-08 0.100167E-07 0.106598E-07 0.119695E-07
0.564365E-08 0.714503E-08 0.799630E-08 0.874435E-08 0.943487E-08 0.101135E-07 0.108005E-07 0.115200E-07 0.123337E-07 0.140064E-07
0.607365E-08 0.776767E-08 0.874435E-08 0.961190E-08 0.104208E-07 0.112234E-07 0.120440E-07 0.129117E-07 0.139028E-07 0.159600E-07
0.645921E-08 0.833609E-08 0.943487E-08 0.104208E-07 0.113487E-07 0.122782E-07 0.132375E-07 0.142622E-07 0.154444E-07 0.179259E-07
0.682794E-08 0.888881E-08 0.101135E-07 0.112234E-07 0.122782E-07 0.133449E-07 0.144571E-07 0.156578E-07 0.170589E-07 0.200396E-07
0.719166E-08 0.944265E-08 0.108005E-07 0.120440E-07 0.132375E-07 0.144571E-07 0.157426E-07 0.171470E-07 0.188077E-07 0.224004E-07
0.756315E-08 0.100167E-07 0.115200E-07 0.129117E-07 0.142622E-07 0.156578E-07 0.171470E-07 0.187966E-07 0.207792E-07 0.251652E-07
0.797379E-08 0.106598E-07 0.123337E-07 0.139028E-07 0.154444E-07 0.170589E-07 0.188077E-07 0.207792E-07 0.232001E-07 0.287392E-07
0.880097E-08 0.119695E-07 0.140064E-07 0.159600E-07 0.179259E-07 0.200396E-07 0.224004E-07 0.251652E-07 0.287392E-07 0.377715E-07
0.410156E-08 0.502212E-08 0.551745E-08 0.593894E-08 0.631695E-08 0.667852E-08 0.703522E-08 0.739959E-08 0.780241E-08 0.861392E-08
0.502212E-08 0.628596E-08 0.698919E-08 0.759986E-08 0.815745E-08 0.869976E-08 0.924327E-08 0.980675E-08 0.104380E-07 0.117240E-07
0.551745E-08 0.698919E-08 0.782408E-08 0.855795E-08 0.923553E-08 0.990156E-08 0.105760E-07 0.112825E-07 0.120817E-07 0.137248E-07
0.593894E-08 0.759986E-08 0.855795E-08 0.940925E-08 0.102032E-07 0.109912E-07 0.117970E-07 0.126494E-07 0.136231E-07 0.156450E-07
0.631695E-08 0.815745E-08 0.923553E-08 0.102032E-07 0.111142E-07 0.120269E-07 0.129693E-07 0.139762E-07 0.151382E-07 0.175783E-07
0.667852E-08 0.869976E-08 0.990156E-08 0.109912E-07 0.120269E-07 0.130748E-07 0.141677E-07 0.153479E-07 0.167258E-07 0.196583E-07
0.703522E-08 0.924327E-08 0.105760E-07 0.117970E-07 0.129693E-07 0.141677E-07 0.154313E-07 0.168123E-07 0.184462E-07 0.219831E-07
0.739959E-08 0.980675E-08 0.112825E-07 0.126494E-07 0.139762E-07 0.153479E-07 0.168123E-07 0.184354E-07 0.203871E-07 0.247081E-07
0.780241E-08 0.104380E-07 0.120817E-07 0.136231E-07 0.151382E-07 0.167258E-07 0.184462E-07 0.203871E-07 0.227720E-07 0.282343E-07
0.861392E-08 0.117240E-07 0.137248E-07 0.156450E-07 0.175783E-07 0.196583E-07 0.219831E-07 0.247081E-07 0.282343E-07 0.371620E-07
0.400889E-08 0.491084E-08 0.539640E-08 0.580968E-08 0.618040E-08 0.653504E-08 0.688496E-08 0.724245E-08 0.763771E-08 0.843404E-08
0.491084E-08 0.614979E-08 0.683952E-08 0.743861E-08 0.798575E-08 0.851798E-08 0.905148E-08 0.960468E-08 0.102245E-07 0.114874E-07
0.539640E-08 0.683952E-08 0.765859E-08 0.837874E-08 0.904380E-08 0.969766E-08 0.103599E-07 0.110538E-07 0.118388E-07 0.134532E-07
0.580968E-08 0.743861E-08 0.837874E-08 0.921430E-08 0.999373E-08 0.107675E-07 0.115590E-07 0.123965E-07 0.133533E-07 0.153408E-07
0.618040E-08 0.798575E-08 0.904380E-08 0.999373E-08 0.108883E-07 0.117849E-07 0.127108E-07 0.137003E-07 0.148427E-07 0.172423E-07
0.653504E-08 0.851798E-08 0.969766E-08 0.107675E-07 0.117849E-07 0.128144E-07 0.138885E-07 0.150488E-07 0.164039E-07 0.192894E-07
0.688496E-08 0.905148E-08 0.103599E-07 0.115590E-07 0.127108E-07 0.138885E-07 0.151307E-07 0.164890E-07 0.180967E-07 0.215788E-07
0.724245E-08 0.960468E-08 0.110538E-07 0.123965E-07 0.137003E-07 0.150488E-07 0.164890E-07 0.180860E-07 0.200074E-07 0.242645E-07
0.763771E-08 0.102245E-07 0.118388E-07 0.133533E-07 0.148427E-07 0.164039E-07 0.180967E-07 0.200074E-07 0.223569E-07 0.277435E-07
0.843404E-08 0.114874E-07 0.134532E-07 0.153408E-07 0.172423E-07 0.192894E-07 0.215788E-07 0.242645E-07 0.277435E-07 0.365667E-07
0.391980E-08 0.480376E-08 0.527987E-08 0.568521E-08 0.604887E-08 0.639682E-08 0.674018E-08 0.709100E-08 0.747893E-08 0.826056E-08
0.480376E-08 0.601864E-08 0.669531E-08 0.728319E-08 0.782020E-08 0.834268E-08 0.886648E-08 0.940971E-08 0.100185E-07 0.112590E-07
0.527987E-08 0.669531E-08 0.749906E-08 0.820593E-08 0.885886E-08 0.950092E-08 0.101514E-07 0.108330E-07 0.116043E-07 0.131908E-07
0.568521E-08 0.728319E-08 0.820593E-08 0.902626E-08 0.979165E-08 0.105517E-07 0.113293E-07 0.121522E-07 0.130926E-07 0.150466E-07
0.604887E-08 0.782020E-08 0.885886E-08 0.979165E-08 0.106703E-07 0.115511E-07 0.124610E-07 0.134336E-07 0.145568E-07 0.169171E-07
0.639682E-08 0.834268E-08 0.950092E-08 0.105517E-07 0.115511E-07 0.125628E-07 0.136186E-07 0.147595E-07 0.160924E-07 0.189318E-07
0.674018E-08 0.886648E-08 0.101514E-07 0.113293E-07 0.124610E-07 0.136186E-07 0.148400E-07 0.161761E-07 0.177581E-07 0.211865E-07
0.709100E-08 0.940971E-08 0.108330E-07 0.121522E-07 0.134336E-07 0.147595E-07 0.161761E-07 0.177475E-07 0.196392E-07 0.238335E-07
0.747893E-08 0.100185E-07 0.116043E-07 0.130926E-07 0.145568E-07 0.160924E-07 0.177581E-07 0.196392E-07 0.219540E-07 0.272657E-07
0.826056E-08 0.112590E-07 0.131908E-07 0.150466E-07 0.169171E-07 0.189318E-07 0.211865E-07 0.238335E-07 0.272657E-07 0.359848E-07
0.383373E-08 0.470026E-08 0.516722E-08 0.556486E-08 0.592168E-08 0.626314E-08 0.660014E-08 0.694450E-08 0.732532E-08 0.809269E-08
0.470026E-08 0.589182E-08 0.655583E-08 0.713286E-08 0.766006E-08 0.817307E-08 0.868747E-08 0.922103E-08 0.981901E-08 0.110377E-07
0.516722E-08 0.655583E-08 0.734474E-08 0.803874E-08 0.867991E-08 0.931053E-08 0.994951E-08 0.106192E-07 0.113771E-07 0.129365E-07
0.556486E-08 0.713286E-08 0.803874E-08 0.884430E-08 0.959607E-08 0.103427E-07 0.111068E-07 0.119156E-07 0.128401E-07 0.147614E-07
0.592168E-08 0.766006E-08 0.867991E-08 0.959607E-08 0.104593E-07 0.113248E-07 0.122191E-07 0.131753E-07 0.142798E-07 0.166015E-07
0.626314E-08 0.817307E-08 0.931053E-08 0.103427E-07 0.113248E-07 0.123192E-07 0.133571E-07 0.144791E-07 0.157903E-07 0.185846E-07
0.660014E-08 0.868747E-08 0.994951E-08 0.111068E-07 0.122191E-07 0.133571E-07 0.145582E-07 0.158726E-07 0.174295E-07 0.208052E-07
0.694450E-08 0.922103E-08 0.106192E-07 0.119156E-07 0.131753E-07 0.144791E-07 0.158726E-07 0.174191E-07 0.192817E-07 0.234141E-07
0.732532E-08 0.981901E-08 0.113771E-07 0.128401E-07 0.142798E-07 0.157903E-07 0.174295E-07 0.192817E-07 0.215622E-07 0.268000E-07
0.809269E-08 0.110377E-07 0.129365E-07 0.147614E-07 0.166015E-07 0.185846E-07 0.208052E-07 0.234141E-07 0.268000E-07 0.354156E-07
0.375031E-08 0.459993E-08 0.505801E-08 0.544820E-08 0.579839E-08 0.613355E-08 0.646438E-08 0.680248E-08 0.717641E-08 0.792994E-08
0.459993E-08 0.576887E-08 0.642061E-08 0.698712E-08 0.750481E-08 0.800864E-08 0.851392E-08 0.903808E-08 0.962561E-08 0.108232E-07
0.505801E-08 0.642061E-08 0.719515E-08 0.787666E-08 0.850643E-08 0.912594E-08 0.975377E-08 0.104119E-07 0.111569E-07 0.126897E-07
0.544820E-08 0.698712E-08 0.787666E-08 0.866789E-08 0.940645E-08 0.101401E-07 0.108911E-07 0.116861E-07 0.125951E-07 0.144845E-07
0.579839E-08 0.750481E-08 0.850643E-08 0.940645E-08 0.102546E-07 0.111053E-07 0.119844E-07 0.129246E-07 0.140110E-07 0.162951E-07
0.613355E-08 0.800864E-08 0.912594E-08 0.101401E-07 0.111053E-07 0.120828E-07 0.131034E-07 0.142069E-07 0.154970E-07 0.182472E-07
0.646438E-08 0.851392E-08 0.975377E-08 0.108911E-07 0.119844E-07 0.131034E-07 0.142848E-07 0.155779E-07 0.171103E-07 0.204344E-07
0.680248E-08 0.903808E-08 0.104119E-07 0.116861E-07 0.129246E-07 0.142069E-07 0.155779E-07 0.171000E-07 0.189341E-07 0.230058E-07
0.717641E-08 0.962561E-08 0.111569E-07 0.125951E-07 0.140110E-07 0.154970E-07 0.171103E-07 0.189341E-07 0.211809E-07 0.263460E-07
0.792994E-08 0.108232E-07 0.126897E-07 0.144845E-07 0.162951E-07 0.182472E-07 0.204344E-07 0.230058E-07 0.263460E-07 0.348585E-07
0.366929E-08 0.450251E-08 0.495199E-08 0.533494E-08 0.567870E-08 0.600776E-08 0.633261E-08 0.666464E-08 0.703187E-08 0.777198E-08
0.450251E-08 0.564953E-08 0.628937E-08 0.684567E-08 0.735414E-08 0.784908E-08 0.834550E-08 0.886055E-08 0.943793E-08 0.106150E-07
0.495199E-08 0.628937E-08 0.704996E-08 0.771937E-08 0.833808E-08 0.894682E-08 0.956383E-08 0.102107E-07 0.109431E-07 0.124502E-07
0.533494E-08 0.684567E-08 0.771937E-08 0.849670E-08 0.922245E-08 0.994355E-08 0.106817E-07 0.114633E-07 0.123572E-07 0.142157E-07
0.567870E-08 0.735414E-08 0.833808E-08 0.922245E-08 0.100561E-07 0.108923E-07 0.117567E-07 0.126813E-07 0.137499E-07 0.159973E-07
0.600776E-08 0.784908E-08 0.894682E-08 0.994355E-08 0.108923E-07 0.118534E-07 0.128571E-07 0.139427E-07 0.152121E-07 0.179192E-07
0.633261E-08 0.834550E-08 0.956383E-08 0.106817E-07 0.117567E-07 0.128571E-07 0.140192E-07 0.152916E-07 0.168001E-07 0.200737E-07
0.666464E-08 0.886055E-08 0.102107E-07 0.114633E-07 0.126813E-07 0.139427E-07 0.152916E-07 0.167900E-07 0.185960E-07 0.226082E-07
0.703187E-08 0.943793E-08 0.109431E-07 0.123572E-07 0.137499E-07 0.152121E-07 0.168001E-07 0.185960E-07 0.208099E-07 0.259033E-07
0.777198E-08 0.106150E-07 0.124502E-07 0.142157E-07 0.159973E-07 0.179192E-07 0.200737E-07 0.226082E-07 0.259033E-07 0.343135E-07
0.359051E-08 0.440779E-08 0.484892E-08 0.522485E-08 0.556237E-08 0.588551E-08 0.620456E-08 0.653068E-08 0.689143E-08 0.761850E-08
0.440779E-08 0.553352E-08 0.616182E-08 0.670822E-08 0.720774E-08 0.769404E-08 0.818187E-08 0.868806E-08 0.925559E-08 0.104127E-07
0.484892E-08 0.616182E-08 0.690888E-08 0.756654E-08 0.817452E-08 0.877280E-08 0.937930E-08 0.100152E-07 0.107354E-07 0.122175E-07
0.522485E-08 0.670822E-08 0.756654E-08 0.833039E-08 0.904369E-08 0.975256E-08 0.104783E-07 0.112470E-07 0.121261E-07 0.139544E-07
0.556237E-08 0.720774E-08 0.817452E-08 0.904369E-08 0.986318E-08 0.106854E-07 0.115354E-07 0.124449E-07 0.134962E-07 0.157079E-07
0.588551E-08 0.769404E-08 0.877280E-08 0.975256E-08 0.106854E-07 0.116305E-07 0.126178E-07 0.136859E-07 0.149351E-07 0.176002E-07
0.620456E-08 0.818187E-08 0.937930E-08 0.104783E-07 0.115354E-07 0.126178E-07 0.137612E-07 0.150134E-07 0.164984E-07 0.197225E-07
0.653068E-08 0.868806E-08 0.100152E-07 0.112470E-07 0.124449E-07 0.136859E-07 0.150134E-07 0.164884E-07 0.182672E-07 0.222208E-07
0.689143E-08 0.925559E-08 0.107354E-07 0.121261E-07 0.134962E-07 0.149351E-07 0.164984E-07 0.182672E-07 0.204486E-07 0.254714E-07
0.761850E-08 0.104127E-07 0.122175E-07 0.139544E-07 0.157079E-07 0.176002E-07 0.197225E-07 0.222208E-07 0.254714E-07 0.337801E-07
0.351383E-08 0.431561E-08 0.474861E-08 0.511771E-08 0.544917E-08 0.576655E-08 0.607996E-08 0.640034E-08 0.675477E-08 0.746917E-08
0.431561E-08 0.542063E-08 0.603770E-08 0.657449E-08 0.706530E-08 0.754321E-08 0.802269E-08 0.852028E-08 0.907822E-08 0.102159E-07
0.474861E-08 0.603770E-08 0.677161E-08 0.741786E-08 0.801541E-08 0.860352E-08 0.919981E-08 0.982512E-08 0.105333E-07 0.119911E-07
0.511771E-08 0.657449E-08 0.741786E-08 0.816861E-08 0.886981E-08 0.956678E-08 0.102805E-07 0.110365E-07 0.119013E-07 0.137001E-07
0.544917E-08 0.706530E-08 0.801541E-08 0.886981E-08 0.967555E-08 0.104841E-07 0.113202E-07 0.122149E-07 0.132494E-07 0.154262E-07
0.576655E-08 0.754321E-08 0.860352E-08 0.956678E-08 0.104841E-07 0.114137E-07 0.123850E-07 0.134360E-07 0.146656E-07 0.172896E-07
0.607996E-08 0.802269E-08 0.919981E-08 0.102805E-07 0.113202E-07 0.123850E-07 0.135101E-07 0.147426E-07 0.162047E-07 0.193804E-07
0.640034E-08 0.852028E-08 0.982512E-08 0.110365E-07 0.122149E-07 0.134360E-07 0.147426E-07 0.161949E-07 0.179468E-07 0.218431E-07
0.675477E-08 0.907822E-08 0.105333E-07 0.119013E-07 0.132494E-07 0.146656E-07 0.162047E-07 0.179468E-07 0.200965E-07 0.250498E-07
0.746917E-08 0.102159E-07 0.119911E-07 0.137001E-07 0.154262E-07 0.172896E-07 0.193804E-07 0.218431E-07 0.250498E-07 0.332578E-07
0.343940E-08 0.422612E-08 0.465123E-08 0.501369E-08 0.533926E-08 0.565106E-08 0.595898E-08 0.627380E-08 0.662209E-08 0.732417E-08
0.422612E-08 0.531102E-08 0.591719E-08 0.644463E-08 0.692700E-08 0.739676E-08 0.786812E-08 0.835735E-08 0.890598E-08 0.100247E-07
0.465123E-08 0.591719E-08 0.663833E-08 0.727350E-08 0.786092E-08 0.843916E-08 0.902552E-08 0.964050E-08 0.103371E-07 0.117712E-07
0.501369E-08 0.644463E-08 0.727350E-08 0.801152E-08 0.870098E-08 0.938639E-08 0.100884E-07 0.108321E-07 0.116830E-07 0.134531E-07
0.533926E-08 0.692700E-08 0.786092E-08 0.870098E-08 0.949335E-08 0.102886E-07 0.111112E-07 0.119916E-07 0.130096E-07 0.151523E-07
0.565106E-08 0.739676E-08 0.843916E-08 0.938639E-08 0.102886E-07 0.112032E-07 0.121589E-07 0.131932E-07 0.144037E-07 0.169875E-07
0.595898E-08 0.786812E-08 0.902552E-08 0.100884E-07 0.111112E-07 0.121589E-07 0.132662E-07 0.144795E-07 0.159192E-07 0.190475E-07
0.627380E-08 0.835735E-08 0.964050E-08 0.108321E-07 0.119916E-07 0.131932E-07 0.144795E-07 0.159095E-07 0.176353E-07 0.214752E-07
0.662209E-08 0.890598E-08 0.103371E-07 0.116830E-07 0.130096E-07 0.144037E-07 0.159192E-07 0.176353E-07 0.197537E-07 0.246387E-07
0.732417E-08 0.100247E-07 0.117712E-07 0.134531E-07 0.151523E-07 0.169875E-07 0.190475E-07 0.214752E-07 0.246387E-07 0.327471E-07
0.336735E-08 0.413944E-08 0.455687E-08 0.491290E-08 0.523275E-08 0.553911E-08 0.584171E-08 0.615113E-08 0.649347E-08 0.718358E-08
0.413944E-08 0.520479E-08 0.580038E-08 0.631875E-08 0.679291E-08 0.725476E-08 0.771825E-08 0.819936E-08 0.873894E-08 0.983934E-08
0.455687E-08 0.580038E-08 0.650912E-08 0.713353E-08 0.771111E-08 0.827976E-08 0.885649E-08 0.946144E-08 0.101467E-07 0.115578E-07
0.491290E-08 0.631875E-08 0.713353E-08 0.785920E-08 0.853725E-08 0.921144E-08 0.990202E-08 0.106338E-07 0.114711E-07 0.132133E-07
0.523275E-08 0.679291E-08 0.771111E-08 0.853725E-08 0.931665E-08 0.100991E-07 0.109084E-07 0.117748E-07 0.127769E-07 0.148864E-07
0.553911E-08 0.725476E-08 0.827976E-08 0.921144E-08 0.100991E-07 0.109990E-07 0.119395E-07 0.129577E-07 0.141494E-07 0.166940E-07
0.584171E-08 0.771825E-08 0.885649E-08 0.990202E-08 0.109084E-07 0.119395E-07 0.130295E-07 0.142241E-07 0.156419E-07 0.187239E-07
0.615113E-08 0.819936E-08 0.946144E-08 0.106338E-07 0.117748E-07 0.129577E-07 0.142241E-07 0.156324E-07 0.173326E-07 0.211174E-07
0.649347E-08 0.873894E-08 0.101467E-07 0.114711E-07 0.127769E-07 0.141494E-07 0.156419E-07 0.173326E-07 0.194205E-07 0.242383E-07
0.718358E-08 0.983934E-08 0.115578E-07 0.132133E-07 0.148864E-07 0.166940E-07 0.187239E-07 0.211174E-07 0.242383E-07 0.322480E-07
0.329771E-08 0.405558E-08 0.446556E-08 0.481533E-08 0.512962E-08 0.543071E-08 0.572814E-08 0.603230E-08 0.636885E-08 0.704734E-08
0.405558E-08 0.510194E-08 0.568724E-08 0.619680E-08 0.666299E-08 0.711715E-08 0.757299E-08 0.804621E-08 0.857698E-08 0.965953E-08
0.446556E-08 0.568724E-08 0.638393E-08 0.699789E-08 0.756592E-08 0.812525E-08 0.869261E-08 0.928780E-08 0.996214E-08 0.113508E-07
0.481533E-08 0.619680E-08 0.699789E-08 0.771155E-08 0.837852E-08 0.904180E-08 0.972132E-08 0.104414E-07 0.112656E-07 0.129806E-07
0.512962E-08 0.666299E-08 0.756592E-08 0.837852E-08 0.914531E-08 0.991520E-08 0.107117E-07 0.115645E-07 0.125510E-07 0.146283E-07
0.543071E-08 0.711715E-08 0.812525E-08 0.904180E-08 0.991520E-08 0.108008E-07 0.117267E-07 0.127290E-07 0.139025E-07 0.164089E-07
0.572814E-08 0.757299E-08 0.869261E-08 0.972132E-08 0.107117E-07 0.117267E-07 0.127997E-07 0.139761E-07 0.153726E-07 0.184093E-07
