0.418518E-08 0.561201E-08 0.632237E-08 0.683693E-08 0.724064E-08 0.757624E-08 0.787259E-08 0.814975E-08 0.843165E-08 0.883790E-08
0.561201E-08 0.794050E-08 0.921054E-08 0.101756E-07 0.109568E-07 0.116186E-07 0.122090E-07 0.127635E-07 0.133281E-07 0.141420E-07
0.632237E-08 0.921054E-08 0.108763E-07 0.121864E-07 0.132747E-07 0.142136E-07 0.150608E-07 0.158612E-07 0.166781E-07 0.178559E-07
0.683693E-08 0.101756E-07 0.121864E-07 0.138153E-07 0.152016E-07 0.164206E-07 0.175356E-07 0.185975E-07 0.196852E-07 0.212550E-07
0.724064E-08 0.109568E-07 0.132747E-07 0.152016E-07 0.168794E-07 0.183844E-07 0.197827E-07 0.211289E-07 0.225157E-07 0.245207E-07
0.757624E-08 0.116186E-07 0.142136E-07 0.164206E-07 0.183844E-07 0.201818E-07 0.218818E-07 0.235416E-07 0.252664E-07 0.277686E-07
0.787259E-08 0.122090E-07 0.150608E-07 0.175356E-07 0.197827E-07 0.218818E-07 0.239071E-07 0.259199E-07 0.280392E-07 0.311342E-07
0.814975E-08 0.127635E-07 0.158612E-07 0.185975E-07 0.211289E-07 0.235416E-07 0.259199E-07 0.283356E-07 0.309293E-07 0.347658E-07
0.843165E-08 0.133281E-07 0.166781E-07 0.196852E-07 0.225157E-07 0.252664E-07 0.280392E-07 0.309293E-07 0.341213E-07 0.389657E-07
0.883790E-08 0.141420E-07 0.178559E-07 0.212550E-07 0.245207E-07 0.277686E-07 0.311342E-07 0.347658E-07 0.389657E-07 0.457736E-07
0.403736E-08 0.542149E-08 0.611161E-08 0.661185E-08 0.700451E-08 0.733100E-08 0.761935E-08 0.788904E-08 0.816334E-08 0.855864E-08
0.542149E-08 0.768386E-08 0.892025E-08 0.986078E-08 0.106227E-07 0.112686E-07 0.118449E-07 0.123862E-07 0.129374E-07 0.137320E-07
0.611161E-08 0.892025E-08 0.105440E-07 0.118229E-07 0.128864E-07 0.138047E-07 0.146336E-07 0.154168E-07 0.162163E-07 0.173691E-07
0.661185E-08 0.986078E-08 0.118229E-07 0.134151E-07 0.147720E-07 0.159664E-07 0.170595E-07 0.181010E-07 0.191679E-07 0.207078E-07
0.700451E-08 0.106227E-07 0.128864E-07 0.147720E-07 0.164166E-07 0.178935E-07 0.192669E-07 0.205899E-07 0.219530E-07 0.239240E-07
0.733100E-08 0.112686E-07 0.138047E-07 0.159664E-07 0.178935E-07 0.196599E-07 0.213324E-07 0.229667E-07 0.246654E-07 0.271304E-07
0.761935E-08 0.118449E-07 0.146336E-07 0.170595E-07 0.192669E-07 0.213324E-07 0.233280E-07 0.253133E-07 0.274049E-07 0.304602E-07
0.788904E-08 0.123862E-07 0.154168E-07 0.181010E-07 0.205899E-07 0.229667E-07 0.253133E-07 0.277000E-07 0.302649E-07 0.340605E-07
0.816334E-08 0.129374E-07 0.162163E-07 0.191679E-07 0.219530E-07 0.246654E-07 0.274049E-07 0.302649E-07 0.334277E-07 0.382322E-07
0.855864E-08 0.137320E-07 0.173691E-07 0.207078E-07 0.239240E-07 0.271304E-07 0.304602E-07 0.340605E-07 0.382322E-07 0.450068E-07
0.389822E-08 0.524176E-08 0.591253E-08 0.639906E-08 0.678112E-08 0.709887E-08 0.737954E-08 0.764204E-08 0.790905E-08 0.829383E-08
0.524176E-08 0.744094E-08 0.864495E-08 0.956177E-08 0.103051E-07 0.109354E-07 0.114980E-07 0.120265E-07 0.125647E-07 0.133405E-07
0.591253E-08 0.864495E-08 0.102280E-07 0.114766E-07 0.125159E-07 0.134139E-07 0.142248E-07 0.149913E-07 0.157737E-07 0.169019E-07
0.639906E-08 0.956177E-08 0.114766E-07 0.130329E-07 0.143609E-07 0.155309E-07 0.166024E-07 0.176237E-07 0.186700E-07 0.201803E-07
0.678112E-08 0.103051E-07 0.125159E-07 0.143609E-07 0.159725E-07 0.174215E-07 0.187701E-07 0.200699E-07 0.214094E-07 0.233464E-07
0.709887E-08 0.109354E-07 0.134139E-07 0.155309E-07 0.174215E-07 0.191569E-07 0.208019E-07 0.224103E-07 0.240829E-07 0.265102E-07
0.737954E-08 0.114980E-07 0.142248E-07 0.166024E-07 0.187701E-07 0.208019E-07 0.227674E-07 0.247247E-07 0.267880E-07 0.298028E-07
0.764204E-08 0.120265E-07 0.149913E-07 0.176237E-07 0.200699E-07 0.224103E-07 0.247247E-07 0.270815E-07 0.296166E-07 0.333699E-07
0.790905E-08 0.125647E-07 0.157737E-07 0.186700E-07 0.214094E-07 0.240829E-07 0.267880E-07 0.296166E-07 0.327488E-07 0.375109E-07
0.829383E-08 0.133405E-07 0.169019E-07 0.201803E-07 0.233464E-07 0.265102E-07 0.298028E-07 0.333699E-07 0.375109E-07 0.442479E-07
0.376785E-08 0.507279E-08 0.572509E-08 0.619851E-08 0.657041E-08 0.687978E-08 0.715307E-08 0.740869E-08 0.766869E-08 0.804338E-08
0.507279E-08 0.721166E-08 0.838453E-08 0.927847E-08 0.100037E-07 0.106190E-07 0.111683E-07 0.116843E-07 0.122099E-07 0.129675E-07
0.572509E-08 0.838453E-08 0.992835E-08 0.111474E-07 0.121631E-07 0.130413E-07 0.138346E-07 0.145847E-07 0.153503E-07 0.164544E-07
0.619851E-08 0.927847E-08 0.111474E-07 0.126687E-07 0.139683E-07 0.151144E-07 0.161646E-07 0.171659E-07 0.181918E-07 0.196728E-07
0.657041E-08 0.100037E-07 0.121631E-07 0.139683E-07 0.155474E-07 0.169688E-07 0.182927E-07 0.195694E-07 0.208854E-07 0.227885E-07
0.687978E-08 0.106190E-07 0.130413E-07 0.151144E-07 0.169688E-07 0.186733E-07 0.202906E-07 0.218731E-07 0.235194E-07 0.259089E-07
0.715307E-08 0.111683E-07 0.138346E-07 0.161646E-07 0.182927E-07 0.202906E-07 0.222258E-07 0.241547E-07 0.261894E-07 0.291630E-07
0.740869E-08 0.116843E-07 0.145847E-07 0.171659E-07 0.195694E-07 0.218731E-07 0.241547E-07 0.264811E-07 0.289856E-07 0.326953E-07
0.766869E-08 0.122099E-07 0.153503E-07 0.181918E-07 0.208854E-07 0.235194E-07 0.261894E-07 0.289856E-07 0.320858E-07 0.368035E-07
0.804338E-08 0.129675E-07 0.164544E-07 0.196728E-07 0.227885E-07 0.259089E-07 0.291630E-07 0.326953E-07 0.368035E-07 0.434992E-07
0.364570E-08 0.491392E-08 0.554860E-08 0.600947E-08 0.637164E-08 0.667297E-08 0.693918E-08 0.718820E-08 0.744148E-08 0.780649E-08
0.491392E-08 0.699520E-08 0.813817E-08 0.901005E-08 0.971781E-08 0.103185E-07 0.108549E-07 0.113589E-07 0.118723E-07 0.126122E-07
0.554860E-08 0.813817E-08 0.964410E-08 0.108346E-07 0.118272E-07 0.126861E-07 0.134623E-07 0.141963E-07 0.149455E-07 0.160261E-07
0.600947E-08 0.901005E-08 0.108346E-07 0.123218E-07 0.135936E-07 0.147161E-07 0.157453E-07 0.167269E-07 0.177328E-07 0.191849E-07
0.637164E-08 0.971781E-08 0.118272E-07 0.135936E-07 0.151407E-07 0.165348E-07 0.178343E-07 0.190879E-07 0.203806E-07 0.222501E-07
0.667297E-08 0.103185E-07 0.126861E-07 0.147161E-07 0.165348E-07 0.182086E-07 0.197983E-07 0.213549E-07 0.229748E-07 0.253263E-07
0.693918E-08 0.108549E-07 0.134623E-07 0.157453E-07 0.178343E-07 0.197983E-07 0.217031E-07 0.236034E-07 0.256090E-07 0.285410E-07
0.718820E-08 0.113589E-07 0.141963E-07 0.167269E-07 0.190879E-07 0.213549E-07 0.236034E-07 0.258988E-07 0.283720E-07 0.320371E-07
0.744148E-08 0.118723E-07 0.149455E-07 0.177328E-07 0.203806E-07 0.229748E-07 0.256090E-07 0.283720E-07 0.314392E-07 0.361106E-07
0.780649E-08 0.126122E-07 0.160261E-07 0.191849E-07 0.222501E-07 0.253263E-07 0.285410E-07 0.320371E-07 0.361106E-07 0.427616E-07
0.353066E-08 0.476392E-08 0.538177E-08 0.583063E-08 0.618347E-08 0.647709E-08 0.673652E-08 0.697920E-08 0.722604E-08 0.758177E-08
0.476392E-08 0.679019E-08 0.790444E-08 0.875507E-08 0.944595E-08 0.100326E-07 0.105565E-07 0.110488E-07 0.115503E-07 0.122731E-07
0.538177E-08 0.790444E-08 0.937384E-08 0.105366E-07 0.115070E-07 0.123470E-07 0.131065E-07 0.138247E-07 0.145580E-07 0.156155E-07
0.583063E-08 0.875507E-08 0.105366E-07 0.119906E-07 0.132353E-07 0.143348E-07 0.153433E-07 0.163056E-07 0.172918E-07 0.187155E-07
0.618347E-08 0.944595E-08 0.115070E-07 0.132353E-07 0.147510E-07 0.161182E-07 0.173935E-07 0.186244E-07 0.198939E-07 0.217300E-07
0.647709E-08 0.100326E-07 0.123470E-07 0.143348E-07 0.161182E-07 0.177615E-07 0.193238E-07 0.208546E-07 0.224482E-07 0.247618E-07
0.673652E-08 0.105565E-07 0.131065E-07 0.153433E-07 0.173935E-07 0.193238E-07 0.211981E-07 0.230697E-07 0.250462E-07 0.279362E-07
0.697920E-08 0.110488E-07 0.138247E-07 0.163056E-07 0.186244E-07 0.208546E-07 0.230697E-07 0.253337E-07 0.277752E-07 0.313949E-07
0.722604E-08 0.115503E-07 0.145580E-07 0.172918E-07 0.198939E-07 0.224482E-07 0.250462E-07 0.277752E-07 0.308084E-07 0.354320E-07
0.758177E-08 0.122731E-07 0.156155E-07 0.187155E-07 0.217300E-07 0.247618E-07 0.279362E-07 0.313949E-07 0.354320E-07 0.420353E-07
0.342146E-08 0.462134E-08 0.522308E-08 0.566044E-08 0.600433E-08 0.629055E-08 0.654347E-08 0.678006E-08 0.702072E-08 0.736753E-08
0.462134E-08 0.659498E-08 0.768164E-08 0.851178E-08 0.918637E-08 0.975936E-08 0.102712E-07 0.107522E-07 0.112422E-07 0.119485E-07
0.522308E-08 0.768164E-08 0.911583E-08 0.102518E-07 0.112004E-07 0.120221E-07 0.127653E-07 0.134682E-07 0.141860E-07 0.152210E-07
0.566044E-08 0.851178E-08 0.102518E-07 0.116735E-07 0.128917E-07 0.139686E-07 0.149569E-07 0.159001E-07 0.168670E-07 0.182628E-07
0.600433E-08 0.918637E-08 0.112004E-07 0.128917E-07 0.143767E-07 0.157173E-07 0.169688E-07 0.181772E-07 0.194238E-07 0.212270E-07
0.629055E-08 0.975936E-08 0.120221E-07 0.139686E-07 0.157173E-07 0.173305E-07 0.188656E-07 0.203707E-07 0.219381E-07 0.242139E-07
0.654347E-08 0.102712E-07 0.127653E-07 0.149569E-07 0.169688E-07 0.188656E-07 0.207095E-07 0.225524E-07 0.244995E-07 0.273473E-07
0.678006E-08 0.107522E-07 0.134682E-07 0.159001E-07 0.181772E-07 0.203707E-07 0.225524E-07 0.247847E-07 0.271940E-07 0.307677E-07
0.702072E-08 0.112422E-07 0.141860E-07 0.168670E-07 0.194238E-07 0.219381E-07 0.244995E-07 0.271940E-07 0.301925E-07 0.347669E-07
0.736753E-08 0.119485E-07 0.152210E-07 0.182628E-07 0.212270E-07 0.242139E-07 0.273473E-07 0.307677E-07 0.347669E-07 0.413198E-07
0.331715E-08 0.448508E-08 0.507140E-08 0.549772E-08 0.583302E-08 0.611214E-08 0.635880E-08 0.658955E-08 0.682426E-08 0.716250E-08
0.448508E-08 0.640832E-08 0.746847E-08 0.827887E-08 0.893772E-08 0.949752E-08 0.999769E-08 0.104678E-07 0.109466E-07 0.116368E-07
0.507140E-08 0.746847E-08 0.886871E-08 0.997870E-08 0.109063E-07 0.117102E-07 0.124374E-07 0.131255E-07 0.138280E-07 0.148412E-07
0.549772E-08 0.827887E-08 0.997870E-08 0.113691E-07 0.125615E-07 0.136163E-07 0.145848E-07 0.155094E-07 0.164573E-07 0.178257E-07
0.583302E-08 0.893772E-08 0.109063E-07 0.125615E-07 0.140163E-07 0.153309E-07 0.165589E-07 0.177452E-07 0.189692E-07 0.207397E-07
0.611214E-08 0.949752E-08 0.117102E-07 0.136163E-07 0.153309E-07 0.169144E-07 0.184225E-07 0.199020E-07 0.214434E-07 0.236818E-07
0.635880E-08 0.999769E-08 0.124374E-07 0.145848E-07 0.165589E-07 0.184225E-07 0.202362E-07 0.220503E-07 0.239681E-07 0.267737E-07
0.658955E-08 0.104678E-07 0.131255E-07 0.155094E-07 0.177452E-07 0.199020E-07 0.220503E-07 0.242508E-07 0.266277E-07 0.301548E-07
0.682426E-08 0.109466E-07 0.138280E-07 0.164573E-07 0.189692E-07 0.214434E-07 0.239681E-07 0.266277E-07 0.295908E-07 0.341150E-07
0.716250E-08 0.116368E-07 0.148412E-07 0.178257E-07 0.207397E-07 0.236818E-07 0.267737E-07 0.301548E-07 0.341150E-07 0.406149E-07
0.321723E-08 0.435459E-08 0.492613E-08 0.534187E-08 0.566893E-08 0.594123E-08 0.618188E-08 0.640700E-08 0.663600E-08 0.696601E-08
0.435459E-08 0.622954E-08 0.726424E-08 0.805562E-08 0.869930E-08 0.924637E-08 0.973524E-08 0.101948E-07 0.106628E-07 0.113376E-07
0.492613E-08 0.726424E-08 0.863178E-08 0.971670E-08 0.106239E-07 0.114104E-07 0.121223E-07 0.127958E-07 0.134836E-07 0.144755E-07
0.534187E-08 0.805562E-08 0.971670E-08 0.110767E-07 0.122439E-07 0.132771E-07 0.142263E-07 0.151327E-07 0.160620E-07 0.174036E-07
0.566893E-08 0.869930E-08 0.106239E-07 0.122439E-07 0.136693E-07 0.149584E-07 0.161633E-07 0.173277E-07 0.185295E-07 0.202679E-07
0.594123E-08 0.924637E-08 0.114104E-07 0.132771E-07 0.149584E-07 0.165126E-07 0.179941E-07 0.194484E-07 0.209639E-07 0.231651E-07
0.618188E-08 0.973524E-08 0.121223E-07 0.142263E-07 0.161633E-07 0.179941E-07 0.197777E-07 0.215632E-07 0.234518E-07 0.262152E-07
0.640700E-08 0.101948E-07 0.127958E-07 0.151327E-07 0.173277E-07 0.194484E-07 0.215632E-07 0.237318E-07 0.260761E-07 0.295564E-07
0.663600E-08 0.106628E-07 0.134836E-07 0.160620E-07 0.185295E-07 0.209639E-07 0.234518E-07 0.260761E-07 0.290033E-07 0.334764E-07
0.696601E-08 0.113376E-07 0.144755E-07 0.174036E-07 0.202679E-07 0.231651E-07 0.262152E-07 0.295564E-07 0.334764E-07 0.399213E-07
0.312135E-08 0.422939E-08 0.478676E-08 0.519234E-08 0.551147E-08 0.577721E-08 0.601207E-08 0.623179E-08 0.645530E-08 0.677738E-08
0.422939E-08 0.605802E-08 0.706823E-08 0.784130E-08 0.847032E-08 0.900508E-08 0.948303E-08 0.993233E-08 0.103900E-07 0.110497E-07
0.478676E-08 0.706823E-08 0.840427E-08 0.946494E-08 0.103524E-07 0.111221E-07 0.118189E-07 0.124783E-07 0.131517E-07 0.141229E-07
0.519234E-08 0.784130E-08 0.946494E-08 0.107954E-07 0.119382E-07 0.129504E-07 0.138807E-07 0.147692E-07 0.156803E-07 0.169957E-07
0.551147E-08 0.847032E-08 0.103524E-07 0.119382E-07 0.133349E-07 0.145989E-07 0.157811E-07 0.169242E-07 0.181040E-07 0.198109E-07
0.577721E-08 0.900508E-08 0.111221E-07 0.129504E-07 0.145989E-07 0.161244E-07 0.175796E-07 0.190089E-07 0.204989E-07 0.226632E-07
0.601207E-08 0.948303E-08 0.118189E-07 0.138807E-07 0.157811E-07 0.175796E-07 0.193334E-07 0.210904E-07 0.229499E-07 0.256713E-07
0.623179E-08 0.993233E-08 0.124783E-07 0.147692E-07 0.169242E-07 0.190089E-07 0.210904E-07 0.232272E-07 0.255388E-07 0.289720E-07
0.645530E-08 0.103900E-07 0.131517E-07 0.156803E-07 0.181040E-07 0.204989E-07 0.229499E-07 0.255388E-07 0.284297E-07 0.328509E-07
0.677738E-08 0.110497E-07 0.141229E-07 0.169957E-07 0.198109E-07 0.226632E-07 0.256713E-07 0.289720E-07 0.328509E-07 0.392390E-07
0.302964E-08 0.410958E-08 0.465335E-08 0.504918E-08 0.536071E-08 0.562014E-08 0.584945E-08 0.606398E-08 0.628220E-08 0.659668E-08
0.410958E-08 0.589378E-08 0.688048E-08 0.763593E-08 0.825083E-08 0.877371E-08 0.924112E-08 0.968053E-08 0.101282E-07 0.107734E-07
0.465335E-08 0.688048E-08 0.818621E-08 0.922347E-08 0.100918E-07 0.108452E-07 0.115274E-07 0.121731E-07 0.128326E-07 0.137837E-07
0.504918E-08 0.763593E-08 0.922347E-08 0.105254E-07 0.116445E-07 0.126362E-07 0.135480E-07 0.144191E-07 0.153125E-07 0.166023E-07
0.536071E-08 0.825083E-08 0.100918E-07 0.116445E-07 0.130131E-07 0.142526E-07 0.154127E-07 0.165346E-07 0.176929E-07 0.193688E-07
0.562014E-08 0.877371E-08 0.108452E-07 0.126362E-07 0.142526E-07 0.157499E-07 0.171792E-07 0.185839E-07 0.200487E-07 0.221766E-07
0.584945E-08 0.924112E-08 0.115274E-07 0.135480E-07 0.154127E-07 0.171792E-07 0.189036E-07 0.206324E-07 0.224629E-07 0.251425E-07
0.606398E-08 0.968053E-08 0.121731E-07 0.144191E-07 0.165346E-07 0.185839E-07 0.206324E-07 0.227374E-07 0.250163E-07 0.284023E-07
0.628220E-08 0.101282E-07 0.128326E-07 0.153125E-07 0.176929E-07 0.200487E-07 0.224629E-07 0.250163E-07 0.278707E-07 0.322394E-07
0.659668E-08 0.107734E-07 0.137837E-07 0.166023E-07 0.193688E-07 0.221766E-07 0.251425E-07 0.284023E-07 0.322394E-07 0.385690E-07
0.294218E-08 0.399516E-08 0.452588E-08 0.491235E-08 0.521656E-08 0.546994E-08 0.569391E-08 0.590344E-08 0.611658E-08 0.642375E-08
0.399516E-08 0.573672E-08 0.670082E-08 0.743930E-08 0.804058E-08 0.855200E-08 0.900923E-08 0.943910E-08 0.987701E-08 0.105082E-07
0.452588E-08 0.670082E-08 0.797735E-08 0.899202E-08 0.984180E-08 0.105794E-07 0.112475E-07 0.118799E-07 0.125259E-07 0.134574E-07
0.491235E-08 0.743930E-08 0.899202E-08 0.102663E-07 0.113624E-07 0.123341E-07 0.132279E-07 0.140820E-07 0.149581E-07 0.162229E-07
0.521656E-08 0.804058E-08 0.984180E-08 0.113624E-07 0.127036E-07 0.139193E-07 0.150576E-07 0.161589E-07 0.172961E-07 0.189416E-07
0.546994E-08 0.855200E-08 0.105794E-07 0.123341E-07 0.139193E-07 0.153888E-07 0.167928E-07 0.181731E-07 0.196131E-07 0.217051E-07
0.569391E-08 0.900923E-08 0.112475E-07 0.132279E-07 0.150576E-07 0.167928E-07 0.184880E-07 0.201889E-07 0.219907E-07 0.246289E-07
0.590344E-08 0.943910E-08 0.118799E-07 0.140820E-07 0.161589E-07 0.181731E-07 0.201889E-07 0.222622E-07 0.245086E-07 0.278475E-07
0.611658E-08 0.987701E-08 0.125259E-07 0.149581E-07 0.172961E-07 0.196131E-07 0.219907E-07 0.245086E-07 0.273262E-07 0.316421E-07
0.642375E-08 0.105082E-07 0.134574E-07 0.162229E-07 0.189416E-07 0.217051E-07 0.246289E-07 0.278475E-07 0.316421E-07 0.379118E-07
0.285905E-08 0.388617E-08 0.440438E-08 0.478186E-08 0.507906E-08 0.532662E-08 0.554545E-08 0.575019E-08 0.595845E-08 0.625858E-08
0.388617E-08 0.558683E-08 0.652923E-08 0.725139E-08 0.783955E-08 0.833992E-08 0.878732E-08 0.920798E-08 0.963652E-08 0.102542E-07
0.440438E-08 0.652923E-08 0.777768E-08 0.877056E-08 0.960244E-08 0.103248E-07 0.109792E-07 0.115987E-07 0.122315E-07 0.131441E-07
0.478186E-08 0.725139E-08 0.877056E-08 0.100182E-07 0.110918E-07 0.120442E-07 0.129205E-07 0.137581E-07 0.146173E-07 0.158578E-07
0.507906E-08 0.783955E-08 0.960244E-08 0.110918E-07 0.124066E-07 0.135989E-07 0.147159E-07 0.157971E-07 0.169136E-07 0.185293E-07
0.532662E-08 0.833992E-08 0.103248E-07 0.120442E-07 0.135989E-07 0.150414E-07 0.164203E-07 0.177768E-07 0.191923E-07 0.212489E-07
0.554545E-08 0.878732E-08 0.109792E-07 0.129205E-07 0.147159E-07 0.164203E-07 0.180869E-07 0.197602E-07 0.215336E-07 0.241308E-07
0.575019E-08 0.920798E-08 0.115987E-07 0.137581E-07 0.157971E-07 0.177768E-07 0.197602E-07 0.218021E-07 0.240160E-07 0.273080E-07
0.595845E-08 0.963652E-08 0.122315E-07 0.146173E-07 0.169136E-07 0.191923E-07 0.215336E-07 0.240160E-07 0.267969E-07 0.310596E-07
0.625858E-08 0.102542E-07 0.131441E-07 0.158578E-07 0.185293E-07 0.212489E-07 0.241308E-07 0.273080E-07 0.310596E-07 0.372683E-07
0.278001E-08 0.378231E-08 0.428851E-08 0.465736E-08 0.494781E-08 0.518977E-08 0.540367E-08 0.560380E-08 0.580737E-08 0.610074E-08
0.378231E-08 0.544369E-08 0.636522E-08 0.707167E-08 0.764719E-08 0.813690E-08 0.857482E-08 0.898659E-08 0.940608E-08 0.100108E-07
0.428851E-08 0.636522E-08 0.758664E-08 0.855850E-08 0.937308E-08 0.100806E-07 0.107217E-07 0.113288E-07 0.119488E-07 0.128431E-07
0.465736E-08 0.707167E-08 0.855850E-08 0.978029E-08 0.108323E-07 0.117658E-07 0.126251E-07 0.134466E-07 0.142893E-07 0.155061E-07
0.494781E-08 0.764719E-08 0.937308E-08 0.108323E-07 0.121212E-07 0.132909E-07 0.143871E-07 0.154485E-07 0.165448E-07 0.181313E-07
0.518977E-08 0.813690E-08 0.100806E-07 0.117658E-07 0.132909E-07 0.147068E-07 0.160612E-07 0.173943E-07 0.187857E-07 0.208076E-07
0.540367E-08 0.857482E-08 0.107217E-07 0.126251E-07 0.143871E-07 0.160612E-07 0.176996E-07 0.193457E-07 0.210910E-07 0.236476E-07
0.560380E-08 0.898659E-08 0.113288E-07 0.134466E-07 0.154485E-07 0.173943E-07 0.193457E-07 0.213565E-07 0.235381E-07 0.267834E-07
0.580737E-08 0.940608E-08 0.119488E-07 0.142893E-07 0.165448E-07 0.187857E-07 0.210910E-07 0.235381E-07 0.262822E-07 0.304917E-07
0.610074E-08 0.100108E-07 0.128431E-07 0.155061E-07 0.181313E-07 0.208076E-07 0.236476E-07 0.267834E-07 0.304917E-07 0.366383E-07
0.270482E-08 0.368326E-08 0.417791E-08 0.453847E-08 0.482243E-08 0.505901E-08 0.526816E-08 0.546385E-08 0.566291E-08 0.594977E-08
0.368326E-08 0.530688E-08 0.620835E-08 0.689967E-08 0.746302E-08 0.794244E-08 0.837121E-08 0.877441E-08 0.918517E-08 0.977727E-08
0.417791E-08 0.620835E-08 0.740375E-08 0.835533E-08 0.915321E-08 0.984641E-08 0.104747E-07 0.110696E-07 0.116773E-07 0.125538E-07
0.453847E-08 0.689967E-08 0.835533E-08 0.955218E-08 0.105832E-07 0.114985E-07 0.123412E-07 0.131470E-07 0.139737E-07 0.151675E-07
0.482243E-08 0.746302E-08 0.915321E-08 0.105832E-07 0.118470E-07 0.129946E-07 0.140705E-07 0.151126E-07 0.161892E-07 0.177472E-07
0.505901E-08 0.794244E-08 0.984641E-08 0.114985E-07 0.129946E-07 0.143846E-07 0.157151E-07 0.170251E-07 0.183929E-07 0.203807E-07
0.526816E-08 0.837121E-08 0.104747E-07 0.123412E-07 0.140705E-07 0.157151E-07 0.173257E-07 0.189450E-07 0.206626E-07 0.231791E-07
0.546385E-08 0.877441E-08 0.110696E-07 0.131470E-07 0.151126E-07 0.170251E-07 0.189450E-07 0.209250E-07 0.230746E-07 0.262735E-07
0.566291E-08 0.918517E-08 0.116773E-07 0.139737E-07 0.161892E-07 0.183929E-07 0.206626E-07 0.230746E-07 0.257820E-07 0.299381E-07
0.594977E-08 0.977727E-08 0.125538E-07 0.151675E-07 0.177472E-07 0.203807E-07 0.231791E-07 0.262735E-07 0.299381E-07 0.360219E-07
0.263305E-08 0.358855E-08 0.407208E-08 0.442465E-08 0.470238E-08 0.493377E-08 0.513835E-08 0.532976E-08 0.552447E-08 0.580507E-08
0.358855E-08 0.517582E-08 0.605797E-08 0.673473E-08 0.728632E-08 0.775582E-08 0.817576E-08 0.857067E-08 0.897300E-08 0.955294E-08
0.407208E-08 0.605797E-08 0.722830E-08 0.816032E-08 0.894205E-08 0.962139E-08 0.102372E-07 0.108204E-07 0.114162E-07 0.122754E-07
0.442465E-08 0.673473E-08 0.816032E-08 0.933306E-08 0.103437E-07 0.112413E-07 0.120679E-07 0.128585E-07 0.136697E-07 0.148410E-07
0.470238E-08 0.728632E-08 0.894205E-08 0.103437E-07 0.115832E-07 0.127092E-07 0.137654E-07 0.147887E-07 0.158460E-07 0.173761E-07
0.493377E-08 0.775582E-08 0.962139E-08 0.112413E-07 0.127092E-07 0.140740E-07 0.153810E-07 0.166685E-07 0.180131E-07 0.199673E-07
0.513835E-08 0.817576E-08 0.102372E-07 0.120679E-07 0.137654E-07 0.153810E-07 0.169644E-07 0.185573E-07 0.202476E-07 0.227246E-07
0.532976E-08 0.857067E-08 0.108204E-07 0.128585E-07 0.147887E-07 0.166685E-07 0.185573E-07 0.205068E-07 0.226247E-07 0.257776E-07
0.552447E-08 0.897300E-08 0.114162E-07 0.136697E-07 0.158460E-07 0.180131E-07 0.202476E-07 0.226247E-07 0.252955E-07 0.293985E-07
0.580507E-08 0.955294E-08 0.122754E-07 0.148410E-07 0.173761E-07 0.199673E-07 0.227246E-07 0.257776E-07 0.293985E-07 0.354187E-07
0.256433E-08 0.349770E-08 0.397054E-08 0.431541E-08 0.458712E-08 0.481352E-08 0.501369E-08 0.520098E-08 0.539150E-08 0.566607E-08
0.349770E-08 0.504996E-08 0.591350E-08 0.657622E-08 0.711649E-08 0.757641E-08 0.798783E-08 0.837473E-08 0.876892E-08 0.933712E-08
0.397054E-08 0.591350E-08 0.705967E-08 0.797283E-08 0.873895E-08 0.940488E-08 0.100086E-07 0.105805E-07 0.111647E-07 0.120073E-07
0.431541E-08 0.657622E-08 0.797283E-08 0.912226E-08 0.101132E-07 0.109936E-07 0.118046E-07 0.125804E-07 0.133764E-07 0.145259E-07
0.458712E-08 0.711649E-08 0.873895E-08 0.101132E-07 0.113291E-07 0.124342E-07 0.134711E-07 0.144760E-07 0.155145E-07 0.170175E-07
0.481352E-08 0.757641E-08 0.940488E-08 0.109936E-07 0.124342E-07 0.137743E-07 0.150584E-07 0.163238E-07 0.176456E-07 0.195671E-07
0.501369E-08 0.798783E-08 0.100086E-07 0.118046E-07 0.134711E-07 0.150584E-07 0.166151E-07 0.181820E-07 0.198454E-07 0.222835E-07
0.520098E-08 0.837473E-08 0.105805E-07 0.125804E-07 0.144760E-07 0.163238E-07 0.181820E-07 0.201014E-07 0.221880E-07 0.252953E-07
0.539150E-08 0.876892E-08 0.111647E-07 0.133764E-07 0.155145E-07 0.176456E-07 0.198454E-07 0.221880E-07 0.248224E-07 0.288723E-07
0.566607E-08 0.933712E-08 0.120073E-07 0.145259E-07 0.170175E-07 0.195671E-07 0.222835E-07 0.252953E-07 0.288723E-07 0.348285E-07
0.249828E-08 0.341029E-08 0.387279E-08 0.421024E-08 0.447614E-08 0.469772E-08 0.489364E-08 0.507695E-08 0.526343E-08 0.553216E-08
0.341029E-08 0.492874E-08 0.577433E-08 0.642349E-08 0.695282E-08 0.740349E-08 0.780666E-08 0.818584E-08 0.857215E-08 0.912900E-08
0.387279E-08 0.577433E-08 0.689718E-08 0.779211E-08 0.854314E-08 0.919610E-08 0.978817E-08 0.103490E-07 0.109220E-07 0.117484E-07
0.421024E-08 0.642349E-08 0.779211E-08 0.891901E-08 0.989089E-08 0.107546E-07 0.115504E-07 0.123118E-07 0.130931E-07 0.142214E-07
0.447614E-08 0.695282E-08 0.854314E-08 0.989089E-08 0.110839E-07 0.121686E-07 0.131868E-07 0.141737E-07 0.151938E-07 0.166702E-07
0.469772E-08 0.740349E-08 0.919610E-08 0.107546E-07 0.121686E-07 0.134846E-07 0.147463E-07 0.159901E-07 0.172897E-07 0.191789E-07
0.489364E-08 0.780666E-08 0.978817E-08 0.115504E-07 0.131868E-07 0.147463E-07 0.162768E-07 0.178182E-07 0.194552E-07 0.218549E-07
0.507695E-08 0.818584E-08 0.103490E-07 0.123118E-07 0.141737E-07 0.159901E-07 0.178182E-07 0.197080E-07 0.217635E-07 0.248258E-07
0.526343E-08 0.857215E-08 0.109220E-07 0.130931E-07 0.151938E-07 0.172897E-07 0.194552E-07 0.217635E-07 0.243619E-07 0.283589E-07
0.553216E-08 0.912900E-08 0.117484E-07 0.142214E-07 0.166702E-07 0.191789E-07 0.218549E-07 0.248258E-07 0.283589E-07 0.342506E-07
0.243469E-08 0.332607E-08 0.377859E-08 0.410888E-08 0.436918E-08 0.458611E-08 0.477792E-08 0.495739E-08 0.513996E-08 0.540306E-08
0.332607E-08 0.481188E-08 0.564015E-08 0.627625E-08 0.679502E-08 0.723675E-08 0.763196E-08 0.800366E-08 0.838236E-08 0.892825E-08
0.377859E-08 0.564015E-08 0.674051E-08 0.761784E-08 0.835430E-08 0.899470E-08 0.957548E-08 0.101257E-07 0.106878E-07 0.114985E-07
0.410888E-08 0.627625E-08 0.761784E-08 0.872298E-08 0.967639E-08 0.105239E-07 0.113050E-07 0.120524E-07 0.128194E-07 0.139271E-07
0.436918E-08 0.679502E-08 0.835430E-08 0.967639E-08 0.108472E-07 0.119120E-07 0.129120E-07 0.138815E-07 0.148836E-07 0.163342E-07
0.458611E-08 0.723675E-08 0.899470E-08 0.105239E-07 0.119120E-07 0.132047E-07 0.144444E-07 0.156671E-07 0.169449E-07 0.188026E-07
0.477792E-08 0.763196E-08 0.957548E-08 0.113050E-07 0.129120E-07 0.144444E-07 0.159493E-07 0.174657E-07 0.190767E-07 0.214388E-07
0.495739E-08 0.800366E-08 0.101257E-07 0.120524E-07 0.138815E-07 0.156671E-07 0.174657E-07 0.193263E-07 0.213513E-07 0.243690E-07
0.513996E-08 0.838236E-08 0.106878E-07 0.128194E-07 0.148836E-07 0.169449E-07 0.190767E-07 0.213513E-07 0.239138E-07 0.278583E-07
0.540306E-08 0.892825E-08 0.114985E-07 0.139271E-07 0.163342E-07 0.188026E-07 0.214388E-07 0.243690E-07 0.278583E-07 0.336853E-07
0.237332E-08 0.324474E-08 0.368761E-08 0.401097E-08 0.426585E-08 0.447828E-08 0.466612E-08 0.484188E-08 0.502067E-08 0.527833E-08
0.324474E-08 0.469897E-08 0.551051E-08 0.613397E-08 0.664253E-08 0.707563E-08 0.746314E-08 0.782760E-08 0.819894E-08 0.873422E-08
0.368761E-08 0.551051E-08 0.658913E-08 0.744946E-08 0.817181E-08 0.880005E-08 0.936988E-08 0.990973E-08 0.104613E-07 0.112568E-07
0.401097E-08 0.613397E-08 0.744946E-08 0.853353E-08 0.946905E-08 0.103009E-07 0.110677E-07 0.118015E-07 0.125546E-07 0.136422E-07
0.426585E-08 0.664253E-08 0.817181E-08 0.946905E-08 0.106183E-07 0.116639E-07 0.126460E-07 0.135985E-07 0.145832E-07 0.160085E-07
0.447828E-08 0.707563E-08 0.880005E-08 0.103009E-07 0.116639E-07 0.129337E-07 0.141521E-07 0.153541E-07 0.166106E-07 0.184375E-07
0.466612E-08 0.746314E-08 0.936988E-08 0.110677E-07 0.126460E-07 0.141521E-07 0.156319E-07 0.171238E-07 0.187092E-07 0.210343E-07
0.484188E-08 0.782760E-08 0.990973E-08 0.118015E-07 0.135985E-07 0.153541E-07 0.171238E-07 0.189556E-07 0.209504E-07 0.239241E-07
0.502067E-08 0.819894E-08 0.104613E-07 0.125546E-07 0.145832E-07 0.166106E-07 0.187092E-07 0.209504E-07 0.234774E-07 0.273698E-07
0.527833E-08 0.873422E-08 0.112568E-07 0.136422E-07 0.160085E-07 0.184375E-07 0.210343E-07 0.239241E-07 0.273698E-07 0.331319E-07
0.231415E-08 0.316625E-08 0.359980E-08 0.391646E-08 0.416610E-08 0.437419E-08 0.455819E-08 0.473036E-08 0.490550E-08 0.515789E-08
0.316625E-08 0.458995E-08 0.538531E-08 0.599656E-08 0.649527E-08 0.692001E-08 0.730007E-08 0.765754E-08 0.802176E-08 0.854678E-08
0.359980E-08 0.538531E-08 0.644293E-08 0.728682E-08 0.799554E-08 0.861201E-08 0.917123E-08 0.970108E-08 0.102424E-07 0.110232E-07
0.391646E-08 0.599656E-08 0.728682E-08 0.835053E-08 0.926874E-08 0.100854E-07 0.108383E-07 0.115589E-07 0.122986E-07 0.133667E-07
0.416610E-08 0.649527E-08 0.799554E-08 0.926874E-08 0.103970E-07 0.114240E-07 0.123888E-07 0.133247E-07 0.142924E-07 0.156932E-07
0.437419E-08 0.692001E-08 0.861201E-08 0.100854E-07 0.114240E-07 0.126716E-07 0.138692E-07 0.150510E-07 0.162866E-07 0.180834E-07
0.455819E-08 0.730007E-08 0.917123E-08 0.108383E-07 0.123888E-07 0.138692E-07 0.153244E-07 0.167922E-07 0.183527E-07 0.206414E-07
0.473036E-08 0.765754E-08 0.970108E-08 0.115589E-07 0.133247E-07 0.150510E-07 0.167922E-07 0.185958E-07 0.205609E-07 0.234913E-07
0.490550E-08 0.802176E-08 0.102424E-07 0.122986E-07 0.142924E-07 0.162866E-07 0.183527E-07 0.205609E-07 0.230528E-07 0.268935E-07
0.515789E-08 0.854678E-08 0.110232E-07 0.133667E-07 0.156932E-07 0.180834E-07 0.206414E-07 0.234913E-07 0.268935E-07 0.325907E-07
0.225720E-08 0.309063E-08 0.351515E-08 0.382534E-08 0.406992E-08 0.427380E-08 0.445409E-08 0.462278E-08 0.479439E-08 0.504170E-08
0.309063E-08 0.448479E-08 0.526451E-08 0.586396E-08 0.635313E-08 0.676980E-08 0.714265E-08 0.749336E-08 0.785069E-08 0.836578E-08
0.351515E-08 0.526451E-08 0.630184E-08 0.712984E-08 0.782536E-08 0.843045E-08 0.897940E-08 0.949954E-08 0.100310E-07 0.107975E-07
0.382534E-08 0.586396E-08 0.712984E-08 0.817384E-08 0.907529E-08 0.987717E-08 0.106166E-07 0.113244E-07 0.120510E-07 0.131002E-07
0.406992E-08 0.635313E-08 0.782536E-08 0.907529E-08 0.101833E-07 0.111921E-07 0.121402E-07 0.130599E-07 0.140110E-07 0.153878E-07
0.427380E-08 0.676980E-08 0.843045E-08 0.987717E-08 0.111921E-07 0.124181E-07 0.135954E-07 0.147575E-07 0.159728E-07 0.177401E-07
0.445409E-08 0.714265E-08 0.897940E-08 0.106166E-07 0.121402E-07 0.135954E-07 0.150267E-07 0.164709E-07 0.180068E-07 0.202599E-07
0.462278E-08 0.749336E-08 0.949954E-08 0.113244E-07 0.130599E-07 0.147575E-07 0.164709E-07 0.182468E-07 0.201826E-07 0.230703E-07
0.479439E-08 0.785069E-08 0.100310E-07 0.120510E-07 0.140110E-07 0.159728E-07 0.180068E-07 0.201826E-07 0.226398E-07 0.264293E-07
0.504170E-08 0.836578E-08 0.107975E-07 0.131002E-07 0.153878E-07 0.177401E-07 0.202599E-07 0.230703E-07 0.264293E-07 0.320616E-07
0.220248E-08 0.301783E-08 0.343360E-08 0.373752E-08 0.397720E-08 0.417701E-08 0.435370E-08 0.451904E-08 0.468723E-08 0.492962E-08
0.301783E-08 0.438336E-08 0.514794E-08 0.573598E-08 0.621592E-08 0.662478E-08 0.699065E-08 0.733481E-08 0.768547E-08 0.819095E-08
0.343360E-08 0.514794E-08 0.616563E-08 0.697826E-08 0.766102E-08 0.825508E-08 0.879408E-08 0.930483E-08 0.982670E-08 0.105794E-07
0.373752E-08 0.573598E-08 0.697826E-08 0.800321E-08 0.888842E-08 0.967600E-08 0.104024E-07 0.110978E-07 0.118116E-07 0.128425E-07
0.397720E-08 0.621592E-08 0.766102E-08 0.888842E-08 0.997680E-08 0.109680E-07 0.118997E-07 0.128037E-07 0.137387E-07 0.150922E-07
0.417701E-08 0.662478E-08 0.825508E-08 0.967600E-08 0.109680E-07 0.121730E-07 0.133305E-07 0.144734E-07 0.156688E-07 0.174073E-07
0.435370E-08 0.699065E-08 0.879408E-08 0.104024E-07 0.118997E-07 0.133305E-07 0.147383E-07 0.161595E-07 0.176714E-07 0.198895E-07
0.451904E-08 0.733481E-08 0.930483E-08 0.110978E-07 0.128037E-07 0.144734E-07 0.161595E-07 0.179082E-07 0.198152E-07 0.226608E-07
0.468723E-08 0.768547E-08 0.982670E-08 0.118116E-07 0.137387E-07 0.156688E-07 0.176714E-07 0.198152E-07 0.222381E-07 0.259770E-07
0.492962E-08 0.819095E-08 0.105794E-07 0.128425E-07 0.150922E-07 0.174073E-07 0.198895E-07 0.226608E-07 0.259770E-07 0.315446E-07
0.215000E-08 0.294785E-08 0.335516E-08 0.365301E-08 0.388794E-08 0.408381E-08 0.425702E-08 0.441911E-08 0.458399E-08 0.482161E-08
0.294785E-08 0.428566E-08 0.503558E-08 0.561257E-08 0.608359E-08 0.648487E-08 0.684400E-08 0.718182E-08 0.752602E-08 0.802218E-08
0.335516E-08 0.503558E-08 0.603426E-08 0.683202E-08 0.750242E-08 0.808581E-08 0.861517E-08 0.911681E-08 0.962938E-08 0.103687E-07
0.365301E-08 0.561257E-08 0.683202E-08 0.783852E-08 0.870800E-08 0.948173E-08 0.101954E-07 0.108787E-07 0.115802E-07 0.125933E-07
0.388794E-08 0.608359E-08 0.750242E-08 0.870800E-08 0.977734E-08 0.107514E-07 0.116672E-07 0.125560E-07 0.134753E-07 0.148061E-07
0.408381E-08 0.648487E-08 0.808581E-08 0.948173E-08 0.107514E-07 0.119360E-07 0.130742E-07 0.141984E-07 0.153744E-07 0.170848E-07
0.425702E-08 0.684400E-08 0.861517E-08 0.101954E-07 0.116672E-07 0.130742E-07 0.144592E-07 0.158578E-07 0.173462E-07 0.195301E-07
0.441911E-08 0.718182E-08 0.911681E-08 0.108787E-07 0.125560E-07 0.141984E-07 0.158578E-07 0.175798E-07 0.194586E-07 0.222628E-07
0.458399E-08 0.752602E-08 0.962938E-08 0.115802E-07 0.134753E-07 0.153744E-07 0.173462E-07 0.194586E-07 0.218477E-07 0.255365E-07
0.482161E-08 0.802218E-08 0.103687E-07 0.125933E-07 0.148061E-07 0.170848E-07 0.195301E-07 0.222628E-07 0.255365E-07 0.310396E-07
0.209973E-08 0.288064E-08 0.327975E-08 0.357172E-08 0.380207E-08 0.399412E-08 0.416397E-08 0.432290E-08 0.448458E-08 0.471758E-08
0.288064E-08 0.419159E-08 0.492732E-08 0.549362E-08 0.595599E-08 0.634995E-08 0.670254E-08 0.703422E-08 0.737216E-08 0.785932E-08
0.327975E-08 0.492732E-08 0.590760E-08 0.669097E-08 0.734940E-08 0.792245E-08 0.844247E-08 0.893529E-08 0.943886E-08 0.101652E-07
0.357172E-08 0.549362E-08 0.669097E-08 0.767961E-08 0.853386E-08 0.929416E-08 0.999557E-08 0.106672E-07 0.113567E-07 0.123524E-07
0.380207E-08 0.595599E-08 0.734940E-08 0.853386E-08 0.958473E-08 0.105422E-07 0.114425E-07 0.123165E-07 0.132205E-07 0.145292E-07
0.399412E-08 0.634995E-08 0.792245E-08 0.929416E-08 0.105422E-07 0.117069E-07 0.128263E-07 0.139323E-07 0.150893E-07 0.167724E-07
0.416397E-08 0.670254E-08 0.844247E-08 0.999557E-08 0.114425E-07 0.128263E-07 0.141891E-07 0.155657E-07 0.170310E-07 0.191814E-07
0.432290E-08 0.703422E-08 0.893529E-08 0.106672E-07 0.123165E-07 0.139323E-07 0.155657E-07 0.172615E-07 0.191125E-07 0.218761E-07
0.448458E-08 0.737216E-08 0.943886E-08 0.113567E-07 0.132205E-07 0.150893E-07 0.170310E-07 0.191125E-07 0.214683E-07 0.251076E-07
0.471758E-08 0.785932E-08 0.101652E-07 0.123524E-07 0.145292E-07 0.167724E-07 0.191814E-07 0.218761E-07 0.251076E-07 0.305466E-07
0.205157E-08 0.281607E-08 0.320724E-08 0.349351E-08 0.371940E-08 0.390776E-08 0.407434E-08 0.423022E-08 0.438880E-08 0.461733E-08
0.281607E-08 0.410098E-08 0.482294E-08 0.537887E-08 0.583286E-08 0.621973E-08 0.656598E-08 0.689171E-08 0.722359E-08 0.770201E-08
0.320724E-08 0.482294E-08 0.578538E-08 0.655480E-08 0.720164E-08 0.776468E-08 0.827564E-08 0.875990E-08 0.925474E-08 0.996847E-08
0.349351E-08 0.537887E-08 0.655480E-08 0.752615E-08 0.836563E-08 0.911291E-08 0.980239E-08 0.104626E-07 0.111405E-07 0.121194E-07
0.371940E-08 0.583286E-08 0.720164E-08 0.836563E-08 0.939861E-08 0.103399E-07 0.112253E-07 0.120848E-07 0.129739E-07 0.142612E-07
0.390776E-08 0.621973E-08 0.776468E-08 0.911291E-08 0.103399E-07 0.114854E-07 0.125865E-07 0.136746E-07 0.148133E-07 0.164695E-07
0.407434E-08 0.656598E-08 0.827564E-08 0.980239E-08 0.112253E-07 0.125865E-07 0.139275E-07 0.152826E-07 0.167253E-07 0.188429E-07
0.423022E-08 0.689171E-08 0.875990E-08 0.104626E-07 0.120848E-07 0.136746E-07 0.152826E-07 0.169527E-07 0.187765E-07 0.215002E-07
0.438880E-08 0.722359E-08 0.925474E-08 0.111405E-07 0.129739E-07 0.148133E-07 0.167253E-07 0.187765E-07 0.210995E-07 0.246900E-07
0.461733E-08 0.770201E-08 0.996847E-08 0.121194E-07 0.142612E-07 0.164695E-07 0.188429E-07 0.215002E-07 0.246900E-07 0.300652E-07
0.200536E-08 0.275396E-08 0.313741E-08 0.341816E-08 0.363973E-08 0.382450E-08 0.398792E-08 0.414085E-08 0.429641E-08 0.452060E-08
0.275396E-08 0.401359E-08 0.472219E-08 0.526806E-08 0.571394E-08 0.609392E-08 0.643403E-08 0.675399E-08 0.707999E-08 0.754993E-08
0.313741E-08 0.472219E-08 0.566733E-08 0.642323E-08 0.705884E-08 0.761216E-08 0.811435E-08 0.859031E-08 0.907667E-08 0.977819E-08
0.341816E-08 0.526806E-08 0.642323E-08 0.737782E-08 0.820299E-08 0.893764E-08 0.961554E-08 0.102647E-07 0.109313E-07 0.118939E-07
0.363973E-08 0.571394E-08 0.705884E-08 0.820299E-08 0.921860E-08 0.101443E-07 0.110151E-07 0.118605E-07 0.127352E-07 0.140016E-07
0.382450E-08 0.609392E-08 0.761216E-08 0.893764E-08 0.101443E-07 0.112709E-07 0.123543E-07 0.134251E-07 0.145457E-07 0.161759E-07
0.398792E-08 0.643403E-08 0.811435E-08 0.961554E-08 0.110151E-07 0.123543E-07 0.136741E-07 0.150082E-07 0.164289E-07 0.185144E-07
0.414085E-08 0.675399E-08 0.859031E-08 0.102647E-07 0.118605E-07 0.134251E-07 0.150082E-07 0.166532E-07 0.184503E-07 0.211347E-07
0.429641E-08 0.707999E-08 0.907667E-08 0.109313E-07 0.127352E-07 0.145457E-07 0.164289E-07 0.184503E-07 0.207409E-07 0.242833E-07
0.452060E-08 0.754993E-08 0.977819E-08 0.118939E-07 0.140016E-07 0.161759E-07 0.185144E-07 0.211347E-07 0.242833E-07 0.295952E-07
0.196088E-08 0.269406E-08 0.307003E-08 0.334541E-08 0.356279E-08 0.374408E-08 0.390443E-08 0.405448E-08 0.420712E-08 0.442710E-08
0.269406E-08 0.392914E-08 0.462477E-08 0.516089E-08 0.559889E-08 0.597219E-08 0.630634E-08 0.662070E-08 0.694100E-08 0.740272E-08
0.307003E-08 0.462477E-08 0.555312E-08 0.629591E-08 0.692063E-08 0.746453E-08 0.795820E-08 0.842610E-08 0.890424E-08 0.959390E-08
0.334541E-08 0.516089E-08 0.629591E-08 0.723424E-08 0.804554E-08 0.876793E-08 0.943459E-08 0.100730E-07 0.107286E-07 0.116754E-07
0.356279E-08 0.559889E-08 0.692063E-08 0.804554E-08 0.904431E-08 0.995478E-08 0.108114E-07 0.116432E-07 0.125038E-07 0.137498E-07
0.374408E-08 0.597219E-08 0.746453E-08 0.876793E-08 0.995478E-08 0.110632E-07 0.121293E-07 0.131832E-07 0.142863E-07 0.158910E-07
0.390443E-08 0.630634E-08 0.795820E-08 0.943459E-08 0.108114E-07 0.121293E-07 0.134284E-07 0.147420E-07 0.161411E-07 0.181953E-07
0.405448E-08 0.662070E-08 0.842610E-08 0.100730E-07 0.116432E-07 0.131832E-07 0.147420E-07 0.163624E-07 0.181333E-07 0.207793E-07
0.420712E-08 0.694100E-08 0.890424E-08 0.107286E-07 0.125038E-07 0.142863E-07 0.161411E-07 0.181333E-07 0.203922E-07 0.238871E-07
0.442710E-08 0.740272E-08 0.959390E-08 0.116754E-07 0.137498E-07 0.158910E-07 0.181953E-07 0.207793E-07 0.238871E-07 0.291362E-07
0.191791E-08 0.263612E-08 0.300481E-08 0.327497E-08 0.348828E-08 0.366619E-08 0.382356E-08 0.397081E-08 0.412062E-08 0.433650E-08
0.263612E-08 0.384733E-08 0.453035E-08 0.505698E-08 0.548732E-08 0.585415E-08 0.618251E-08 0.649142E-08 0.680619E-08 0.725992E-08
0.300481E-08 0.453035E-08 0.544237E-08 0.617244E-08 0.678658E-08 0.732133E-08 0.780673E-08 0.826681E-08 0.873697E-08 0.941512E-08
0.327497E-08 0.505698E-08 0.617244E-08 0.709499E-08 0.789282E-08 0.860332E-08 0.925906E-08 0.988709E-08 0.105320E-07 0.114634E-07
0.348828E-08 0.548732E-08 0.678658E-08 0.789282E-08 0.887524E-08 0.977095E-08 0.106138E-07 0.114323E-07 0.122792E-07 0.135055E-07
0.366619E-08 0.585415E-08 0.732133E-08 0.860332E-08 0.977095E-08 0.108617E-07 0.119109E-07 0.129483E-07 0.140343E-07 0.156143E-07
0.382356E-08 0.618251E-08 0.780673E-08 0.925906E-08 0.106138E-07 0.119109E-07 0.131899E-07 0.144834E-07 0.158615E-07 0.178850E-07
0.397081E-08 0.649142E-08 0.826681E-08 0.988709E-08 0.114323E-07 0.129483E-07 0.144834E-07 0.160798E-07 0.178250E-07 0.204333E-07
0.412062E-08 0.680619E-08 0.873697E-08 0.105320E-07 0.122792E-07 0.140343E-07 0.158615E-07 0.178250E-07 0.200527E-07 0.235009E-07
0.433650E-08 0.725992E-08 0.941512E-08 0.114634E-07 0.135055E-07 0.156143E-07 0.178850E-07 0.204333E-07 0.235009E-07 0.286876E-07
0.187630E-08 0.257996E-08 0.294156E-08 0.320665E-08 0.341600E-08 0.359062E-08 0.374508E-08 0.388963E-08 0.403667E-08 0.424857E-08
0.257996E-08 0.376794E-08 0.443867E-08 0.495608E-08 0.537899E-08 0.573951E-08 0.606225E-08 0.636587E-08 0.667525E-08 0.712122E-08
0.294156E-08 0.443867E-08 0.533483E-08 0.605252E-08 0.665639E-08 0.718226E-08 0.765962E-08 0.811211E-08 0.857450E-08 0.924147E-08
0.320665E-08 0.495608E-08 0.605252E-08 0.695974E-08 0.774450E-08 0.844344E-08 0.908858E-08 0.970649E-08 0.103410E-07 0.112574E-07
0.341600E-08 0.537899E-08 0.665639E-08 0.774450E-08 0.871105E-08 0.959242E-08 0.104219E-07 0.112275E-07 0.120611E-07 0.132680E-07
0.359062E-08 0.573951E-08 0.718226E-08 0.844344E-08 0.959242E-08 0.106659E-07 0.116988E-07 0.127201E-07 0.137894E-07 0.153452E-07
0.374508E-08 0.606225E-08 0.765962E-08 0.908858E-08 0.104219E-07 0.116988E-07 0.129581E-07 0.142321E-07 0.155896E-07 0.175831E-07
0.388963E-08 0.636587E-08 0.811211E-08 0.970649E-08 0.112275E-07 0.127201E-07 0.142321E-07 0.158049E-07 0.175250E-07 0.200963E-07
0.403667E-08 0.667525E-08 0.857450E-08 0.103410E-07 0.120611E-07 0.137894E-07 0.155896E-07 0.175250E-07 0.197219E-07 0.231242E-07
0.424857E-08 0.712122E-08 0.924147E-08 0.112574E-07 0.132680E-07 0.153452E-07 0.175831E-07 0.200963E-07 0.231242E-07 0.282492E-07
0.183599E-08 0.252550E-08 0.288021E-08 0.314036E-08 0.334585E-08 0.351728E-08 0.366891E-08 0.381081E-08 0.395517E-08 0.416320E-08
0.252550E-08 0.369086E-08 0.434964E-08 0.485808E-08 0.527375E-08 0.562814E-08 0.594541E-08 0.624389E-08 0.654804E-08 0.698646E-08
0.288021E-08 0.434964E-08 0.523035E-08 0.593601E-08 0.652990E-08 0.704714E-08 0.751669E-08 0.796179E-08 0.841665E-08 0.907273E-08
0.314036E-08 0.485808E-08 0.593601E-08 0.682834E-08 0.760040E-08 0.828812E-08 0.892294E-08 0.953101E-08 0.101554E-07 0.110573E-07
0.334585E-08 0.527375E-08 0.652990E-08 0.760040E-08 0.855153E-08 0.941896E-08 0.102354E-07 0.110284E-07 0.118490E-07 0.130373E-07
0.351728E-08 0.562814E-08 0.704714E-08 0.828812E-08 0.941896E-08 0.104757E-07 0.114926E-07 0.124983E-07 0.135514E-07 0.150836E-07
0.366891E-08 0.594541E-08 0.751669E-08 0.892294E-08 0.102354E-07 0.114926E-07 0.127328E-07 0.139877E-07 0.153251E-07 0.172893E-07
