0.393128E-08 0.546596E-08 0.620040E-08 0.670898E-08 0.709462E-08 0.740750E-08 0.767701E-08 0.792445E-08 0.817042E-08 0.847438E-08
0.546596E-08 0.810896E-08 0.952579E-08 0.105617E-07 0.113716E-07 0.120387E-07 0.126169E-07 0.131487E-07 0.136776E-07 0.143312E-07
0.620040E-08 0.952579E-08 0.114390E-07 0.128985E-07 0.140732E-07 0.150581E-07 0.159195E-07 0.167148E-07 0.175064E-07 0.184849E-07
0.670898E-08 0.105617E-07 0.128985E-07 0.147473E-07 0.162783E-07 0.175884E-07 0.187487E-07 0.198263E-07 0.209012E-07 0.222302E-07
0.709462E-08 0.113716E-07 0.140732E-07 0.162783E-07 0.181548E-07 0.197963E-07 0.212734E-07 0.226581E-07 0.240447E-07 0.257608E-07
0.740750E-08 0.120387E-07 0.150581E-07 0.175884E-07 0.197963E-07 0.217725E-07 0.235847E-07 0.253063E-07 0.270423E-07 0.291955E-07
0.767701E-08 0.126169E-07 0.159195E-07 0.187487E-07 0.212734E-07 0.235847E-07 0.257497E-07 0.278434E-07 0.299791E-07 0.326409E-07
0.792445E-08 0.131487E-07 0.167148E-07 0.198263E-07 0.226581E-07 0.253063E-07 0.278434E-07 0.303514E-07 0.329570E-07 0.362379E-07
0.817042E-08 0.136776E-07 0.175064E-07 0.209012E-07 0.240447E-07 0.270423E-07 0.299791E-07 0.329570E-07 0.361335E-07 0.402202E-07
0.847438E-08 0.143312E-07 0.184849E-07 0.222302E-07 0.257608E-07 0.291955E-07 0.326409E-07 0.362379E-07 0.402202E-07 0.455790E-07
0.378512E-08 0.527246E-08 0.598537E-08 0.647936E-08 0.685407E-08 0.715812E-08 0.742004E-08 0.766053E-08 0.789957E-08 0.819498E-08
0.527246E-08 0.783844E-08 0.921691E-08 0.102259E-07 0.110153E-07 0.116658E-07 0.122297E-07 0.127484E-07 0.132642E-07 0.139016E-07
0.598537E-08 0.921691E-08 0.110810E-07 0.125053E-07 0.136528E-07 0.146155E-07 0.154578E-07 0.162356E-07 0.170097E-07 0.179665E-07
0.647936E-08 0.102259E-07 0.125053E-07 0.143122E-07 0.158105E-07 0.170938E-07 0.182309E-07 0.192872E-07 0.203409E-07 0.216438E-07
0.685407E-08 0.110153E-07 0.136528E-07 0.158105E-07 0.176497E-07 0.192605E-07 0.207110E-07 0.220714E-07 0.234337E-07 0.251199E-07
0.715812E-08 0.116658E-07 0.146155E-07 0.170938E-07 0.192605E-07 0.212027E-07 0.229855E-07 0.246803E-07 0.263895E-07 0.285099E-07
0.742004E-08 0.122297E-07 0.154578E-07 0.182309E-07 0.207110E-07 0.229855E-07 0.251188E-07 0.271836E-07 0.292908E-07 0.319176E-07
0.766053E-08 0.127484E-07 0.162356E-07 0.192872E-07 0.220714E-07 0.246803E-07 0.271836E-07 0.296613E-07 0.322371E-07 0.354819E-07
0.789957E-08 0.132642E-07 0.170097E-07 0.203409E-07 0.234337E-07 0.263895E-07 0.292908E-07 0.322371E-07 0.353836E-07 0.394344E-07
0.819498E-08 0.139016E-07 0.179665E-07 0.216438E-07 0.251199E-07 0.285099E-07 0.319176E-07 0.354819E-07 0.394344E-07 0.447604E-07
0.364722E-08 0.508953E-08 0.578188E-08 0.626190E-08 0.662614E-08 0.692173E-08 0.717637E-08 0.741018E-08 0.764259E-08 0.792980E-08
0.508953E-08 0.758193E-08 0.892350E-08 0.990649E-08 0.106761E-07 0.113104E-07 0.118603E-07 0.123663E-07 0.128694E-07 0.134912E-07
0.578188E-08 0.892350E-08 0.107401E-07 0.121301E-07 0.132510E-07 0.141920E-07 0.150156E-07 0.157761E-07 0.165331E-07 0.174687E-07
0.626190E-08 0.990649E-08 0.121301E-07 0.138959E-07 0.153621E-07 0.166188E-07 0.177330E-07 0.187683E-07 0.198010E-07 0.210781E-07
0.662614E-08 0.106761E-07 0.132510E-07 0.153621E-07 0.171643E-07 0.187446E-07 0.201686E-07 0.215047E-07 0.228428E-07 0.244991E-07
0.692173E-08 0.113104E-07 0.141920E-07 0.166188E-07 0.187446E-07 0.206527E-07 0.224060E-07 0.240737E-07 0.257561E-07 0.278433E-07
0.717637E-08 0.118603E-07 0.150156E-07 0.177330E-07 0.201686E-07 0.224060E-07 0.245072E-07 0.265426E-07 0.286208E-07 0.312118E-07
0.741018E-08 0.123663E-07 0.157761E-07 0.187683E-07 0.215047E-07 0.240737E-07 0.265426E-07 0.289891E-07 0.315344E-07 0.347417E-07
0.764259E-08 0.128694E-07 0.165331E-07 0.198010E-07 0.228428E-07 0.257561E-07 0.286208E-07 0.315344E-07 0.346494E-07 0.386624E-07
0.792980E-08 0.134912E-07 0.174687E-07 0.210781E-07 0.244991E-07 0.278433E-07 0.312118E-07 0.347417E-07 0.386624E-07 0.439525E-07
0.351621E-08 0.491562E-08 0.558832E-08 0.605498E-08 0.640917E-08 0.669665E-08 0.694432E-08 0.717172E-08 0.739777E-08 0.767711E-08
0.491562E-08 0.733772E-08 0.864379E-08 0.960167E-08 0.103520E-07 0.109707E-07 0.115072E-07 0.120008E-07 0.124916E-07 0.130982E-07
0.558832E-08 0.864379E-08 0.104145E-07 0.117711E-07 0.128662E-07 0.137860E-07 0.145912E-07 0.153348E-07 0.160750E-07 0.169900E-07
0.605498E-08 0.960167E-08 0.117711E-07 0.134968E-07 0.149314E-07 0.161621E-07 0.172536E-07 0.182682E-07 0.192802E-07 0.205317E-07
0.640917E-08 0.103520E-07 0.128662E-07 0.149314E-07 0.166972E-07 0.182472E-07 0.196448E-07 0.209567E-07 0.222708E-07 0.238974E-07
0.669665E-08 0.109707E-07 0.137860E-07 0.161621E-07 0.182472E-07 0.201214E-07 0.218451E-07 0.234856E-07 0.251410E-07 0.271948E-07
0.694432E-08 0.115072E-07 0.145912E-07 0.172536E-07 0.196448E-07 0.218451E-07 0.239139E-07 0.259196E-07 0.279684E-07 0.305231E-07
0.717172E-08 0.120008E-07 0.153348E-07 0.182682E-07 0.209567E-07 0.234856E-07 0.259196E-07 0.283341E-07 0.308481E-07 0.340170E-07
0.739777E-08 0.124916E-07 0.160750E-07 0.192802E-07 0.222708E-07 0.251410E-07 0.279684E-07 0.308481E-07 0.339304E-07 0.379040E-07
0.767711E-08 0.130982E-07 0.169900E-07 0.205317E-07 0.238974E-07 0.271948E-07 0.305231E-07 0.340170E-07 0.379040E-07 0.431556E-07
0.339112E-08 0.474959E-08 0.540350E-08 0.585735E-08 0.620192E-08 0.648162E-08 0.672259E-08 0.694386E-08 0.716380E-08 0.743560E-08
0.474959E-08 0.710446E-08 0.837640E-08 0.931007E-08 0.100418E-07 0.106454E-07 0.111688E-07 0.116504E-07 0.121293E-07 0.127212E-07
0.540350E-08 0.837640E-08 0.101028E-07 0.114270E-07 0.124969E-07 0.133959E-07 0.141832E-07 0.149104E-07 0.156342E-07 0.165289E-07
0.585735E-08 0.931007E-08 0.114270E-07 0.131135E-07 0.145171E-07 0.157222E-07 0.167915E-07 0.177856E-07 0.187773E-07 0.200037E-07
0.620192E-08 0.100418E-07 0.124969E-07 0.145171E-07 0.162470E-07 0.177671E-07 0.191387E-07 0.204265E-07 0.217167E-07 0.233137E-07
0.648162E-08 0.106454E-07 0.133959E-07 0.157222E-07 0.177671E-07 0.196075E-07 0.213017E-07 0.229150E-07 0.245434E-07 0.265639E-07
0.672259E-08 0.111688E-07 0.141832E-07 0.167915E-07 0.191387E-07 0.213017E-07 0.233379E-07 0.253137E-07 0.273328E-07 0.298509E-07
0.694386E-08 0.116504E-07 0.149104E-07 0.177856E-07 0.204265E-07 0.229150E-07 0.253137E-07 0.276958E-07 0.301779E-07 0.333076E-07
0.716380E-08 0.121293E-07 0.156342E-07 0.187773E-07 0.217167E-07 0.245434E-07 0.273328E-07 0.301779E-07 0.332264E-07 0.371592E-07
0.743560E-08 0.127212E-07 0.165289E-07 0.200037E-07 0.233137E-07 0.265639E-07 0.298509E-07 0.333076E-07 0.371592E-07 0.423699E-07
0.327160E-08 0.459097E-08 0.522691E-08 0.566849E-08 0.600382E-08 0.627606E-08 0.651061E-08 0.672598E-08 0.694006E-08 0.720462E-08
0.459097E-08 0.688152E-08 0.812067E-08 0.903097E-08 0.974481E-08 0.103338E-07 0.108445E-07 0.113145E-07 0.117819E-07 0.123595E-07
0.522691E-08 0.812067E-08 0.980427E-08 0.110971E-07 0.121424E-07 0.130213E-07 0.137911E-07 0.145022E-07 0.152101E-07 0.160850E-07
0.566849E-08 0.903097E-08 0.110971E-07 0.127454E-07 0.141188E-07 0.152987E-07 0.163462E-07 0.173201E-07 0.182919E-07 0.194935E-07
0.600382E-08 0.974481E-08 0.121424E-07 0.141188E-07 0.158134E-07 0.173038E-07 0.186496E-07 0.199137E-07 0.211802E-07 0.227480E-07
0.627606E-08 0.103338E-07 0.130213E-07 0.152987E-07 0.173038E-07 0.191108E-07 0.207756E-07 0.223618E-07 0.239633E-07 0.259504E-07
0.651061E-08 0.108445E-07 0.137911E-07 0.163462E-07 0.186496E-07 0.207756E-07 0.227792E-07 0.247249E-07 0.267141E-07 0.291953E-07
0.672598E-08 0.113145E-07 0.145022E-07 0.173201E-07 0.199137E-07 0.223618E-07 0.247249E-07 0.270743E-07 0.295238E-07 0.326137E-07
0.694006E-08 0.117819E-07 0.152101E-07 0.182919E-07 0.211802E-07 0.239633E-07 0.267141E-07 0.295238E-07 0.325378E-07 0.364285E-07
0.720462E-08 0.123595E-07 0.160850E-07 0.194935E-07 0.227480E-07 0.259504E-07 0.291953E-07 0.326137E-07 0.364285E-07 0.415963E-07
0.315790E-08 0.443993E-08 0.505868E-08 0.548851E-08 0.581499E-08 0.608007E-08 0.630847E-08 0.651819E-08 0.672665E-08 0.698427E-08
0.443993E-08 0.666897E-08 0.787664E-08 0.876444E-08 0.946096E-08 0.100358E-07 0.105344E-07 0.109931E-07 0.114494E-07 0.120132E-07
0.505868E-08 0.787664E-08 0.951900E-08 0.107815E-07 0.118029E-07 0.126622E-07 0.134150E-07 0.141104E-07 0.148027E-07 0.156585E-07
0.548851E-08 0.876444E-08 0.107815E-07 0.123927E-07 0.137365E-07 0.148918E-07 0.159178E-07 0.168721E-07 0.178241E-07 0.190015E-07
0.581499E-08 0.946096E-08 0.118029E-07 0.137365E-07 0.153964E-07 0.168578E-07 0.181781E-07 0.194186E-07 0.206618E-07 0.222007E-07
0.608007E-08 0.100358E-07 0.126622E-07 0.148918E-07 0.168578E-07 0.186315E-07 0.202672E-07 0.218264E-07 0.234011E-07 0.253551E-07
0.630847E-08 0.105344E-07 0.134150E-07 0.159178E-07 0.181781E-07 0.202672E-07 0.222383E-07 0.241538E-07 0.261131E-07 0.285573E-07
0.651819E-08 0.109931E-07 0.141104E-07 0.168721E-07 0.194186E-07 0.218264E-07 0.241538E-07 0.264702E-07 0.288870E-07 0.319365E-07
0.672665E-08 0.114494E-07 0.148027E-07 0.178241E-07 0.206618E-07 0.234011E-07 0.261131E-07 0.288870E-07 0.318656E-07 0.357133E-07
0.698427E-08 0.120132E-07 0.156585E-07 0.190015E-07 0.222007E-07 0.253551E-07 0.285573E-07 0.319365E-07 0.357133E-07 0.408361E-07
0.305013E-08 0.429650E-08 0.489881E-08 0.531739E-08 0.563539E-08 0.589361E-08 0.611611E-08 0.632041E-08 0.652349E-08 0.677446E-08
0.429650E-08 0.646671E-08 0.764415E-08 0.851031E-08 0.919012E-08 0.975128E-08 0.102381E-07 0.106861E-07 0.111315E-07 0.116821E-07
0.489881E-08 0.764415E-08 0.924681E-08 0.104799E-07 0.114782E-07 0.123184E-07 0.130547E-07 0.137349E-07 0.144121E-07 0.152491E-07
0.531739E-08 0.851031E-08 0.104799E-07 0.120551E-07 0.133700E-07 0.145013E-07 0.155064E-07 0.164413E-07 0.173741E-07 0.185277E-07
0.563539E-08 0.919012E-08 0.114782E-07 0.133700E-07 0.149960E-07 0.164288E-07 0.177240E-07 0.189414E-07 0.201615E-07 0.216719E-07
0.589361E-08 0.975128E-08 0.123184E-07 0.145013E-07 0.164288E-07 0.181698E-07 0.197766E-07 0.213091E-07 0.228571E-07 0.247782E-07
0.611611E-08 0.102381E-07 0.130547E-07 0.155064E-07 0.177240E-07 0.197766E-07 0.217153E-07 0.236008E-07 0.255301E-07 0.279373E-07
0.632041E-08 0.106861E-07 0.137349E-07 0.164413E-07 0.189414E-07 0.213091E-07 0.236008E-07 0.258839E-07 0.282677E-07 0.312765E-07
0.652349E-08 0.111315E-07 0.144121E-07 0.173741E-07 0.201615E-07 0.228571E-07 0.255301E-07 0.282677E-07 0.312104E-07 0.350142E-07
0.677446E-08 0.116821E-07 0.152491E-07 0.185277E-07 0.216719E-07 0.247782E-07 0.279373E-07 0.312765E-07 0.350142E-07 0.400905E-07
0.294825E-08 0.416054E-08 0.474713E-08 0.515494E-08 0.546482E-08 0.571647E-08 0.593331E-08 0.613242E-08 0.633034E-08 0.657493E-08
0.416054E-08 0.627449E-08 0.742294E-08 0.826826E-08 0.893199E-08 0.948000E-08 0.995545E-08 0.103930E-07 0.108281E-07 0.113658E-07
0.474713E-08 0.742294E-08 0.898738E-08 0.101921E-07 0.111680E-07 0.119897E-07 0.127099E-07 0.133753E-07 0.140378E-07 0.148567E-07
0.515494E-08 0.826826E-08 0.101921E-07 0.117323E-07 0.130192E-07 0.141270E-07 0.151116E-07 0.160276E-07 0.169416E-07 0.180720E-07
0.546482E-08 0.893199E-08 0.111680E-07 0.130192E-07 0.146120E-07 0.160167E-07 0.172873E-07 0.184819E-07 0.196793E-07 0.211617E-07
0.571647E-08 0.948000E-08 0.119897E-07 0.141270E-07 0.160167E-07 0.177254E-07 0.193037E-07 0.208098E-07 0.223314E-07 0.242199E-07
0.593331E-08 0.995545E-08 0.127099E-07 0.151116E-07 0.172873E-07 0.193037E-07 0.212103E-07 0.230658E-07 0.249652E-07 0.273356E-07
0.613242E-08 0.103930E-07 0.133753E-07 0.160276E-07 0.184819E-07 0.208098E-07 0.230658E-07 0.253156E-07 0.276662E-07 0.306341E-07
0.633034E-08 0.108281E-07 0.140378E-07 0.169416E-07 0.196793E-07 0.223314E-07 0.249652E-07 0.276662E-07 0.305727E-07 0.343319E-07
0.657493E-08 0.113658E-07 0.148567E-07 0.180720E-07 0.211617E-07 0.242199E-07 0.273356E-07 0.306341E-07 0.343319E-07 0.393603E-07
0.285184E-08 0.403154E-08 0.460309E-08 0.500058E-08 0.530268E-08 0.554803E-08 0.575944E-08 0.595357E-08 0.614654E-08 0.638502E-08
0.403154E-08 0.609163E-08 0.721226E-08 0.803756E-08 0.868578E-08 0.922110E-08 0.968559E-08 0.101130E-07 0.105381E-07 0.110635E-07
0.460309E-08 0.721226E-08 0.873994E-08 0.991719E-08 0.108715E-07 0.116752E-07 0.123798E-07 0.130309E-07 0.136791E-07 0.144804E-07
0.500058E-08 0.803756E-08 0.991719E-08 0.114236E-07 0.126831E-07 0.137681E-07 0.147326E-07 0.156302E-07 0.165259E-07 0.176336E-07
0.530268E-08 0.868578E-08 0.108715E-07 0.126831E-07 0.142435E-07 0.156208E-07 0.168672E-07 0.180394E-07 0.192145E-07 0.206694E-07
0.554803E-08 0.922110E-08 0.116752E-07 0.137681E-07 0.156208E-07 0.172978E-07 0.188479E-07 0.203278E-07 0.218234E-07 0.236796E-07
0.575944E-08 0.968559E-08 0.123798E-07 0.147326E-07 0.168672E-07 0.188479E-07 0.207226E-07 0.225483E-07 0.244181E-07 0.267517E-07
0.595357E-08 0.101130E-07 0.130309E-07 0.156302E-07 0.180394E-07 0.203278E-07 0.225483E-07 0.247649E-07 0.270824E-07 0.300092E-07
0.614654E-08 0.105381E-07 0.136791E-07 0.165259E-07 0.192145E-07 0.218234E-07 0.244181E-07 0.270824E-07 0.299521E-07 0.336663E-07
0.638502E-08 0.110635E-07 0.144804E-07 0.176336E-07 0.206694E-07 0.236796E-07 0.267517E-07 0.300092E-07 0.336663E-07 0.386456E-07
0.276024E-08 0.390871E-08 0.446583E-08 0.485343E-08 0.514806E-08 0.538735E-08 0.559356E-08 0.578291E-08 0.597113E-08 0.620373E-08
0.390871E-08 0.591715E-08 0.701107E-08 0.781710E-08 0.845039E-08 0.897348E-08 0.942739E-08 0.984512E-08 0.102605E-07 0.107740E-07
0.446583E-08 0.701107E-08 0.850337E-08 0.965415E-08 0.105875E-07 0.113738E-07 0.120633E-07 0.127005E-07 0.133348E-07 0.141190E-07
0.485343E-08 0.781710E-08 0.965415E-08 0.111277E-07 0.123608E-07 0.134234E-07 0.143685E-07 0.152480E-07 0.161258E-07 0.172114E-07
0.514806E-08 0.845039E-08 0.105875E-07 0.123608E-07 0.138896E-07 0.152399E-07 0.164626E-07 0.176129E-07 0.187661E-07 0.201939E-07
0.538735E-08 0.897348E-08 0.113738E-07 0.134234E-07 0.152399E-07 0.168857E-07 0.184082E-07 0.198623E-07 0.213321E-07 0.231565E-07
0.559356E-08 0.942739E-08 0.120633E-07 0.143685E-07 0.164626E-07 0.184082E-07 0.202512E-07 0.220475E-07 0.238877E-07 0.261849E-07
0.578291E-08 0.984512E-08 0.127005E-07 0.152480E-07 0.176129E-07 0.198623E-07 0.220475E-07 0.242310E-07 0.265152E-07 0.294010E-07
0.597113E-08 0.102605E-07 0.133348E-07 0.161258E-07 0.187661E-07 0.213321E-07 0.238877E-07 0.265152E-07 0.293480E-07 0.330168E-07
0.620373E-08 0.107740E-07 0.141190E-07 0.172114E-07 0.201939E-07 0.231565E-07 0.261849E-07 0.294010E-07 0.330168E-07 0.379458E-07
0.267288E-08 0.379137E-08 0.433465E-08 0.471275E-08 0.500020E-08 0.523368E-08 0.543489E-08 0.561965E-08 0.580330E-08 0.603026E-08
0.379137E-08 0.575025E-08 0.681851E-08 0.760599E-08 0.822490E-08 0.873619E-08 0.917991E-08 0.958827E-08 0.999436E-08 0.104963E-07
0.433465E-08 0.681851E-08 0.827675E-08 0.940199E-08 0.103150E-07 0.110845E-07 0.117593E-07 0.123830E-07 0.130040E-07 0.137715E-07
0.471275E-08 0.760599E-08 0.940199E-08 0.108438E-07 0.120511E-07 0.130920E-07 0.140181E-07 0.148801E-07 0.157405E-07 0.168044E-07
0.500020E-08 0.822490E-08 0.103150E-07 0.120511E-07 0.135491E-07 0.148732E-07 0.160727E-07 0.172014E-07 0.183332E-07 0.197345E-07
0.523368E-08 0.873619E-08 0.110845E-07 0.130920E-07 0.148732E-07 0.164884E-07 0.179835E-07 0.194122E-07 0.208567E-07 0.226497E-07
0.543489E-08 0.917991E-08 0.117593E-07 0.140181E-07 0.160727E-07 0.179835E-07 0.197955E-07 0.215625E-07 0.233735E-07 0.256345E-07
0.561965E-08 0.958827E-08 0.123830E-07 0.148801E-07 0.172014E-07 0.194122E-07 0.215625E-07 0.237130E-07 0.259641E-07 0.288090E-07
0.580330E-08 0.999436E-08 0.130040E-07 0.157405E-07 0.183332E-07 0.208567E-07 0.233735E-07 0.259641E-07 0.287599E-07 0.323830E-07
0.603026E-08 0.104963E-07 0.137715E-07 0.168044E-07 0.197345E-07 0.226497E-07 0.256345E-07 0.288090E-07 0.323830E-07 0.372609E-07
0.258924E-08 0.367889E-08 0.420887E-08 0.457784E-08 0.485839E-08 0.508628E-08 0.528267E-08 0.546301E-08 0.564228E-08 0.586381E-08
0.367889E-08 0.559014E-08 0.663372E-08 0.740335E-08 0.800838E-08 0.850829E-08 0.894217E-08 0.934148E-08 0.973859E-08 0.102294E-07
0.420887E-08 0.663372E-08 0.805917E-08 0.915975E-08 0.100531E-07 0.108063E-07 0.114669E-07 0.120775E-07 0.126855E-07 0.134370E-07
0.457784E-08 0.740335E-08 0.915975E-08 0.105708E-07 0.117531E-07 0.127729E-07 0.136805E-07 0.145255E-07 0.153688E-07 0.164117E-07
0.485839E-08 0.800838E-08 0.100531E-07 0.117531E-07 0.132211E-07 0.145195E-07 0.156963E-07 0.168040E-07 0.179148E-07 0.192901E-07
0.508628E-08 0.850829E-08 0.108063E-07 0.127729E-07 0.145195E-07 0.161048E-07 0.175731E-07 0.189768E-07 0.203963E-07 0.221584E-07
0.528267E-08 0.894217E-08 0.114669E-07 0.136805E-07 0.156963E-07 0.175731E-07 0.193543E-07 0.210924E-07 0.228745E-07 0.250996E-07
0.546301E-08 0.934148E-08 0.120775E-07 0.145255E-07 0.168040E-07 0.189768E-07 0.210924E-07 0.232101E-07 0.254283E-07 0.282324E-07
0.564228E-08 0.973859E-08 0.126855E-07 0.153688E-07 0.179148E-07 0.203963E-07 0.228745E-07 0.254283E-07 0.281871E-07 0.317642E-07
0.586381E-08 0.102294E-07 0.134370E-07 0.164117E-07 0.192901E-07 0.221584E-07 0.250996E-07 0.282324E-07 0.317642E-07 0.365904E-07
0.250898E-08 0.357089E-08 0.408808E-08 0.444826E-08 0.472217E-08 0.494469E-08 0.513645E-08 0.531254E-08 0.548757E-08 0.570389E-08
0.357089E-08 0.543633E-08 0.645619E-08 0.720863E-08 0.780029E-08 0.828923E-08 0.871361E-08 0.910420E-08 0.949263E-08 0.997269E-08
0.408808E-08 0.645619E-08 0.785007E-08 0.892685E-08 0.980127E-08 0.105386E-07 0.111855E-07 0.117835E-07 0.123788E-07 0.131147E-07
0.444826E-08 0.720863E-08 0.892685E-08 0.103082E-07 0.114662E-07 0.124656E-07 0.133552E-07 0.141834E-07 0.150102E-07 0.160327E-07
0.472217E-08 0.780029E-08 0.980127E-08 0.114662E-07 0.129050E-07 0.141784E-07 0.153331E-07 0.164201E-07 0.175104E-07 0.188602E-07
0.494469E-08 0.828923E-08 0.105386E-07 0.124656E-07 0.141784E-07 0.157343E-07 0.171764E-07 0.185555E-07 0.199504E-07 0.216822E-07
0.513645E-08 0.871361E-08 0.111855E-07 0.133552E-07 0.153331E-07 0.171764E-07 0.189273E-07 0.206369E-07 0.223904E-07 0.245801E-07
0.531254E-08 0.910420E-08 0.117835E-07 0.141834E-07 0.164201E-07 0.185555E-07 0.206369E-07 0.227221E-07 0.249076E-07 0.276711E-07
0.548757E-08 0.949263E-08 0.123788E-07 0.150102E-07 0.175104E-07 0.199504E-07 0.223904E-07 0.249076E-07 0.276293E-07 0.311605E-07
0.570389E-08 0.997269E-08 0.131147E-07 0.160327E-07 0.188602E-07 0.216822E-07 0.245801E-07 0.276711E-07 0.311605E-07 0.359342E-07
0.243182E-08 0.346698E-08 0.397185E-08 0.432357E-08 0.459108E-08 0.480842E-08 0.499571E-08 0.516770E-08 0.533867E-08 0.554995E-08
0.346698E-08 0.528828E-08 0.628529E-08 0.702117E-08 0.759994E-08 0.807829E-08 0.849351E-08 0.887567E-08 0.925572E-08 0.972543E-08
0.397185E-08 0.628529E-08 0.764876E-08 0.870256E-08 0.955864E-08 0.102807E-07 0.109143E-07 0.114999E-07 0.120830E-07 0.128039E-07
0.432357E-08 0.702117E-08 0.870256E-08 0.100552E-07 0.111896E-07 0.121691E-07 0.130412E-07 0.138533E-07 0.146639E-07 0.156664E-07
0.459108E-08 0.759994E-08 0.955864E-08 0.111896E-07 0.126001E-07 0.138491E-07 0.149821E-07 0.160490E-07 0.171191E-07 0.184442E-07
0.480842E-08 0.807829E-08 0.102807E-07 0.121691E-07 0.138491E-07 0.153763E-07 0.167926E-07 0.181476E-07 0.195184E-07 0.212203E-07
0.499571E-08 0.849351E-08 0.109143E-07 0.130412E-07 0.149821E-07 0.167926E-07 0.185137E-07 0.201952E-07 0.219204E-07 0.240751E-07
0.516770E-08 0.887567E-08 0.114999E-07 0.138533E-07 0.160490E-07 0.181476E-07 0.201952E-07 0.222482E-07 0.244012E-07 0.271244E-07
0.533867E-08 0.925572E-08 0.120830E-07 0.146639E-07 0.171191E-07 0.195184E-07 0.219204E-07 0.244012E-07 0.270859E-07 0.305712E-07
0.554995E-08 0.972543E-08 0.128039E-07 0.156664E-07 0.184442E-07 0.212203E-07 0.240751E-07 0.271244E-07 0.305712E-07 0.352920E-07
0.235772E-08 0.336709E-08 0.386009E-08 0.420367E-08 0.446502E-08 0.467736E-08 0.486036E-08 0.502841E-08 0.519545E-08 0.540188E-08
0.336709E-08 0.514588E-08 0.612090E-08 0.684082E-08 0.740717E-08 0.787530E-08 0.828167E-08 0.865571E-08 0.902767E-08 0.948739E-08
0.386009E-08 0.612090E-08 0.745507E-08 0.848671E-08 0.932506E-08 0.100323E-07 0.106530E-07 0.112268E-07 0.117980E-07 0.125042E-07
0.420367E-08 0.684082E-08 0.848671E-08 0.981152E-08 0.109232E-07 0.118833E-07 0.127384E-07 0.135348E-07 0.143297E-07 0.153129E-07
0.446502E-08 0.740717E-08 0.932506E-08 0.109232E-07 0.123061E-07 0.135313E-07 0.146432E-07 0.156904E-07 0.167409E-07 0.180417E-07
0.467736E-08 0.787530E-08 0.100323E-07 0.118833E-07 0.135313E-07 0.150305E-07 0.164215E-07 0.177529E-07 0.191000E-07 0.207726E-07
0.486036E-08 0.828167E-08 0.106530E-07 0.127384E-07 0.146432E-07 0.164215E-07 0.181133E-07 0.197671E-07 0.214645E-07 0.235848E-07
0.502841E-08 0.865571E-08 0.112268E-07 0.135348E-07 0.156904E-07 0.177529E-07 0.197671E-07 0.217884E-07 0.239092E-07 0.265925E-07
0.519545E-08 0.902767E-08 0.117980E-07 0.143297E-07 0.167409E-07 0.191000E-07 0.214645E-07 0.239092E-07 0.265571E-07 0.299965E-07
0.540188E-08 0.948739E-08 0.125042E-07 0.153129E-07 0.180417E-07 0.207726E-07 0.235848E-07 0.265925E-07 0.299965E-07 0.346642E-07
0.228665E-08 0.327116E-08 0.375272E-08 0.408844E-08 0.434385E-08 0.455138E-08 0.473023E-08 0.489447E-08 0.505773E-08 0.525948E-08
0.327116E-08 0.500895E-08 0.596278E-08 0.666732E-08 0.722167E-08 0.767994E-08 0.807778E-08 0.844396E-08 0.880813E-08 0.925821E-08
0.375272E-08 0.596278E-08 0.726870E-08 0.827895E-08 0.910016E-08 0.979312E-08 0.104013E-07 0.109635E-07 0.115234E-07 0.122154E-07
0.408844E-08 0.666732E-08 0.827895E-08 0.957689E-08 0.106665E-07 0.116078E-07 0.124464E-07 0.132275E-07 0.140072E-07 0.149715E-07
0.434385E-08 0.722167E-08 0.910016E-08 0.106665E-07 0.120226E-07 0.132247E-07 0.143159E-07 0.153440E-07 0.163754E-07 0.176525E-07
0.455138E-08 0.767994E-08 0.979312E-08 0.116078E-07 0.132247E-07 0.146965E-07 0.160629E-07 0.173711E-07 0.186950E-07 0.203389E-07
0.473023E-08 0.807778E-08 0.104013E-07 0.124464E-07 0.143159E-07 0.160629E-07 0.177259E-07 0.193525E-07 0.210225E-07 0.231088E-07
0.489447E-08 0.844396E-08 0.109635E-07 0.132275E-07 0.153440E-07 0.173711E-07 0.193525E-07 0.213423E-07 0.234313E-07 0.260751E-07
0.505773E-08 0.880813E-08 0.115234E-07 0.140072E-07 0.163754E-07 0.186950E-07 0.210225E-07 0.234313E-07 0.260426E-07 0.294364E-07
0.525948E-08 0.925821E-08 0.122154E-07 0.149715E-07 0.176525E-07 0.203389E-07 0.231088E-07 0.260751E-07 0.294364E-07 0.340506E-07
0.221866E-08 0.317917E-08 0.364968E-08 0.397783E-08 0.422752E-08 0.443040E-08 0.460525E-08 0.476582E-08 0.492542E-08 0.512267E-08
0.317917E-08 0.487739E-08 0.581079E-08 0.650049E-08 0.704327E-08 0.749202E-08 0.788162E-08 0.824023E-08 0.859686E-08 0.903762E-08
0.364968E-08 0.581079E-08 0.708947E-08 0.807908E-08 0.888372E-08 0.956283E-08 0.101589E-07 0.107100E-07 0.112588E-07 0.119371E-07
0.397783E-08 0.650049E-08 0.807908E-08 0.935105E-08 0.104192E-07 0.113424E-07 0.121649E-07 0.129311E-07 0.136961E-07 0.146421E-07
0.422752E-08 0.704327E-08 0.888372E-08 0.104192E-07 0.117494E-07 0.129290E-07 0.140001E-07 0.150095E-07 0.160222E-07 0.172762E-07
0.443040E-08 0.749202E-08 0.956283E-08 0.113424E-07 0.129290E-07 0.143741E-07 0.157163E-07 0.170018E-07 0.183030E-07 0.199188E-07
0.460525E-08 0.788162E-08 0.101589E-07 0.121649E-07 0.140001E-07 0.157163E-07 0.173511E-07 0.189510E-07 0.205940E-07 0.226469E-07
0.476582E-08 0.824023E-08 0.107100E-07 0.129311E-07 0.150095E-07 0.170018E-07 0.189510E-07 0.209098E-07 0.229674E-07 0.255720E-07
0.492542E-08 0.859686E-08 0.112588E-07 0.136961E-07 0.160222E-07 0.183030E-07 0.205940E-07 0.229674E-07 0.255423E-07 0.288907E-07
0.512267E-08 0.903762E-08 0.119371E-07 0.146421E-07 0.172762E-07 0.199188E-07 0.226469E-07 0.255720E-07 0.288907E-07 0.334513E-07
0.215375E-08 0.309109E-08 0.355095E-08 0.387179E-08 0.411595E-08 0.431435E-08 0.448534E-08 0.464237E-08 0.479845E-08 0.499135E-08
0.309109E-08 0.475113E-08 0.566481E-08 0.634021E-08 0.687183E-08 0.731139E-08 0.769304E-08 0.804432E-08 0.839367E-08 0.882544E-08
0.355095E-08 0.566481E-08 0.691723E-08 0.788691E-08 0.867555E-08 0.934127E-08 0.992566E-08 0.104660E-07 0.110040E-07 0.116691E-07
0.387179E-08 0.634021E-08 0.788691E-08 0.913379E-08 0.101813E-07 0.110868E-07 0.118937E-07 0.126455E-07 0.133961E-07 0.143244E-07
0.411595E-08 0.687183E-08 0.867555E-08 0.101813E-07 0.114862E-07 0.126439E-07 0.136955E-07 0.146867E-07 0.156812E-07 0.169127E-07
0.431435E-08 0.731139E-08 0.934127E-08 0.110868E-07 0.126439E-07 0.140630E-07 0.153816E-07 0.166450E-07 0.179239E-07 0.195122E-07
0.448534E-08 0.769304E-08 0.992566E-08 0.118937E-07 0.136955E-07 0.153816E-07 0.169888E-07 0.185624E-07 0.201789E-07 0.221990E-07
0.464237E-08 0.804432E-08 0.104660E-07 0.126455E-07 0.146867E-07 0.166450E-07 0.185624E-07 0.204907E-07 0.225172E-07 0.250833E-07
0.479845E-08 0.839367E-08 0.110040E-07 0.133961E-07 0.156812E-07 0.179239E-07 0.201789E-07 0.225172E-07 0.250562E-07 0.283594E-07
0.499135E-08 0.882544E-08 0.116691E-07 0.143244E-07 0.169127E-07 0.195122E-07 0.221990E-07 0.250833E-07 0.283594E-07 0.328665E-07
0.209183E-08 0.300680E-08 0.345637E-08 0.377016E-08 0.400898E-08 0.420305E-08 0.437032E-08 0.452392E-08 0.467660E-08 0.486530E-08
0.300680E-08 0.462994E-08 0.552460E-08 0.618618E-08 0.670702E-08 0.713771E-08 0.751167E-08 0.785588E-08 0.819820E-08 0.862128E-08
0.345637E-08 0.552460E-08 0.675166E-08 0.770210E-08 0.847527E-08 0.912803E-08 0.970111E-08 0.102310E-07 0.107586E-07 0.114109E-07
0.377016E-08 0.618618E-08 0.770210E-08 0.892471E-08 0.995215E-08 0.108406E-07 0.116324E-07 0.123702E-07 0.131068E-07 0.140178E-07
0.400898E-08 0.670702E-08 0.847527E-08 0.995215E-08 0.112327E-07 0.123691E-07 0.134017E-07 0.143751E-07 0.153518E-07 0.165614E-07
0.420305E-08 0.713771E-08 0.912803E-08 0.108406E-07 0.123691E-07 0.137628E-07 0.150584E-07 0.163001E-07 0.175573E-07 0.191186E-07
0.437032E-08 0.751167E-08 0.970111E-08 0.116324E-07 0.134017E-07 0.150584E-07 0.166385E-07 0.181864E-07 0.197769E-07 0.217647E-07
0.452392E-08 0.785588E-08 0.102310E-07 0.123702E-07 0.143751E-07 0.163001E-07 0.181864E-07 0.200847E-07 0.220806E-07 0.246085E-07
0.467660E-08 0.819820E-08 0.107586E-07 0.131068E-07 0.153518E-07 0.175573E-07 0.197769E-07 0.220806E-07 0.245838E-07 0.278423E-07
0.486530E-08 0.862128E-08 0.114109E-07 0.140178E-07 0.165614E-07 0.191186E-07 0.217647E-07 0.246085E-07 0.278423E-07 0.322958E-07
0.203268E-08 0.292603E-08 0.336566E-08 0.367262E-08 0.390629E-08 0.409618E-08 0.425985E-08 0.441014E-08 0.455954E-08 0.474417E-08
0.292603E-08 0.451349E-08 0.538977E-08 0.603802E-08 0.654845E-08 0.697056E-08 0.733708E-08 0.767446E-08 0.800999E-08 0.842467E-08
0.336566E-08 0.538977E-08 0.659236E-08 0.752421E-08 0.828242E-08 0.892265E-08 0.948477E-08 0.100046E-07 0.105221E-07 0.111619E-07
0.367262E-08 0.603802E-08 0.752421E-08 0.872337E-08 0.973140E-08 0.106032E-07 0.113804E-07 0.121046E-07 0.128277E-07 0.137220E-07
0.390629E-08 0.654845E-08 0.828242E-08 0.973140E-08 0.109882E-07 0.121040E-07 0.131180E-07 0.140741E-07 0.150337E-07 0.162219E-07
0.409618E-08 0.697056E-08 0.892265E-08 0.106032E-07 0.121040E-07 0.134729E-07 0.147461E-07 0.159666E-07 0.172026E-07 0.187376E-07
0.425985E-08 0.733708E-08 0.948477E-08 0.113804E-07 0.131180E-07 0.147461E-07 0.162998E-07 0.178224E-07 0.193874E-07 0.213435E-07
0.441014E-08 0.767446E-08 0.100046E-07 0.121046E-07 0.140741E-07 0.159666E-07 0.178224E-07 0.196911E-07 0.216569E-07 0.241472E-07
0.455954E-08 0.800999E-08 0.105221E-07 0.128277E-07 0.150337E-07 0.172026E-07 0.193874E-07 0.216569E-07 0.241248E-07 0.273390E-07
0.474417E-08 0.842467E-08 0.111619E-07 0.137220E-07 0.162219E-07 0.187376E-07 0.213435E-07 0.241472E-07 0.273390E-07 0.317391E-07
0.197596E-08 0.284838E-08 0.327838E-08 0.357875E-08 0.380743E-08 0.399328E-08 0.415346E-08 0.430056E-08 0.444678E-08 0.462748E-08
0.284838E-08 0.440130E-08 0.525981E-08 0.589517E-08 0.639552E-08 0.680934E-08 0.716868E-08 0.749945E-08 0.782840E-08 0.823496E-08
0.327838E-08 0.525981E-08 0.643873E-08 0.735261E-08 0.809637E-08 0.872446E-08 0.927598E-08 0.978597E-08 0.102938E-07 0.109216E-07
0.357875E-08 0.589517E-08 0.735261E-08 0.852909E-08 0.951833E-08 0.103741E-07 0.111370E-07 0.118481E-07 0.125580E-07 0.134360E-07
0.380743E-08 0.639552E-08 0.809637E-08 0.951833E-08 0.107521E-07 0.118478E-07 0.128439E-07 0.137832E-07 0.147259E-07 0.158933E-07
0.399328E-08 0.680934E-08 0.872446E-08 0.103741E-07 0.118478E-07 0.131927E-07 0.144440E-07 0.156439E-07 0.168591E-07 0.183684E-07
0.415346E-08 0.716868E-08 0.927598E-08 0.111370E-07 0.128439E-07 0.144440E-07 0.159718E-07 0.174697E-07 0.190097E-07 0.209347E-07
0.430056E-08 0.749945E-08 0.978597E-08 0.118481E-07 0.137832E-07 0.156439E-07 0.174697E-07 0.193094E-07 0.212455E-07 0.236988E-07
0.444678E-08 0.782840E-08 0.102938E-07 0.125580E-07 0.147259E-07 0.168591E-07 0.190097E-07 0.212455E-07 0.236786E-07 0.268489E-07
0.462748E-08 0.823496E-08 0.109216E-07 0.134360E-07 0.158933E-07 0.183684E-07 0.209347E-07 0.236988E-07 0.268489E-07 0.311957E-07
0.192130E-08 0.277344E-08 0.319411E-08 0.348809E-08 0.371193E-08 0.389386E-08 0.405067E-08 0.419467E-08 0.433781E-08 0.451471E-08
0.277344E-08 0.429286E-08 0.513416E-08 0.575704E-08 0.624765E-08 0.665344E-08 0.700582E-08 0.733019E-08 0.765277E-08 0.805147E-08
0.319411E-08 0.513416E-08 0.629018E-08 0.718668E-08 0.791643E-08 0.853278E-08 0.907402E-08 0.957453E-08 0.100729E-07 0.106890E-07
0.348809E-08 0.575704E-08 0.718668E-08 0.834121E-08 0.931223E-08 0.101524E-07 0.109016E-07 0.115998E-07 0.122969E-07 0.131592E-07
0.371193E-08 0.624765E-08 0.791643E-08 0.931223E-08 0.105237E-07 0.115999E-07 0.125785E-07 0.135014E-07 0.144278E-07 0.155749E-07
0.389386E-08 0.665344E-08 0.853278E-08 0.101524E-07 0.115999E-07 0.129214E-07 0.141514E-07 0.153310E-07 0.165260E-07 0.180102E-07
0.405067E-08 0.700582E-08 0.907402E-08 0.109016E-07 0.125785E-07 0.141514E-07 0.156539E-07 0.171275E-07 0.186430E-07 0.205376E-07
0.419467E-08 0.733019E-08 0.957453E-08 0.115998E-07 0.135014E-07 0.153310E-07 0.171275E-07 0.189387E-07 0.208456E-07 0.232625E-07
0.433781E-08 0.765277E-08 0.100729E-07 0.122969E-07 0.144278E-07 0.165260E-07 0.186430E-07 0.208456E-07 0.232443E-07 0.263712E-07
0.451471E-08 0.805147E-08 0.106890E-07 0.131592E-07 0.155749E-07 0.180102E-07 0.205376E-07 0.232625E-07 0.263712E-07 0.306651E-07
0.186849E-08 0.270097E-08 0.311258E-08 0.340035E-08 0.361951E-08 0.379764E-08 0.395118E-08 0.409218E-08 0.423233E-08 0.440554E-08
0.270097E-08 0.418787E-08 0.501248E-08 0.562327E-08 0.610445E-08 0.650246E-08 0.684810E-08 0.716626E-08 0.748269E-08 0.787376E-08
0.311258E-08 0.501248E-08 0.614632E-08 0.702599E-08 0.774219E-08 0.834716E-08 0.887844E-08 0.936977E-08 0.985902E-08 0.104638E-07
0.340035E-08 0.562327E-08 0.702599E-08 0.815928E-08 0.911266E-08 0.993769E-08 0.106735E-07 0.113593E-07 0.120440E-07 0.128910E-07
0.361951E-08 0.610445E-08 0.774219E-08 0.911266E-08 0.103025E-07 0.113598E-07 0.123213E-07 0.132283E-07 0.141387E-07 0.152662E-07
0.379764E-08 0.650246E-08 0.834716E-08 0.993769E-08 0.113598E-07 0.126585E-07 0.138676E-07 0.150276E-07 0.162028E-07 0.176625E-07
0.395118E-08 0.684810E-08 0.887844E-08 0.106735E-07 0.123213E-07 0.138676E-07 0.153454E-07 0.167954E-07 0.182868E-07 0.201516E-07
0.409218E-08 0.716626E-08 0.936977E-08 0.113593E-07 0.132283E-07 0.150276E-07 0.167954E-07 0.185786E-07 0.204568E-07 0.228379E-07
0.423233E-08 0.748269E-08 0.985902E-08 0.120440E-07 0.141387E-07 0.162028E-07 0.182868E-07 0.204568E-07 0.228215E-07 0.259055E-07
0.440554E-08 0.787376E-08 0.104638E-07 0.128910E-07 0.152662E-07 0.176625E-07 0.201516E-07 0.228379E-07 0.259055E-07 0.301467E-07
0.181748E-08 0.263087E-08 0.303370E-08 0.331546E-08 0.353007E-08 0.370452E-08 0.385488E-08 0.399296E-08 0.413022E-08 0.429985E-08
0.263087E-08 0.408622E-08 0.489464E-08 0.549372E-08 0.596575E-08 0.635623E-08 0.669533E-08 0.700749E-08 0.731794E-08 0.770162E-08
0.303370E-08 0.489464E-08 0.600699E-08 0.687037E-08 0.757344E-08 0.816738E-08 0.868901E-08 0.917142E-08 0.965181E-08 0.102456E-07
0.331546E-08 0.549372E-08 0.687037E-08 0.798308E-08 0.891937E-08 0.972973E-08 0.104525E-07 0.111262E-07 0.117990E-07 0.126310E-07
0.353007E-08 0.596575E-08 0.757344E-08 0.891937E-08 0.100883E-07 0.111271E-07 0.120721E-07 0.129636E-07 0.138585E-07 0.149668E-07
0.370452E-08 0.635623E-08 0.816738E-08 0.972973E-08 0.111271E-07 0.124037E-07 0.135925E-07 0.147333E-07 0.158892E-07 0.173249E-07
0.385488E-08 0.669533E-08 0.868901E-08 0.104525E-07 0.120721E-07 0.135925E-07 0.150462E-07 0.164730E-07 0.179409E-07 0.197765E-07
0.399296E-08 0.700749E-08 0.917142E-08 0.111262E-07 0.129636E-07 0.147333E-07 0.164730E-07 0.182287E-07 0.200788E-07 0.224247E-07
0.413022E-08 0.731794E-08 0.965181E-08 0.117990E-07 0.138585E-07 0.158892E-07 0.179409E-07 0.200788E-07 0.224099E-07 0.254516E-07
0.429985E-08 0.770162E-08 0.102456E-07 0.126310E-07 0.149668E-07 0.173249E-07 0.197765E-07 0.224247E-07 0.254516E-07 0.296406E-07
0.176824E-08 0.256309E-08 0.295738E-08 0.323330E-08 0.344350E-08 0.361437E-08 0.376165E-08 0.389691E-08 0.403135E-08 0.419750E-08
0.256309E-08 0.398777E-08 0.478048E-08 0.536819E-08 0.583135E-08 0.621452E-08 0.654729E-08 0.685362E-08 0.715826E-08 0.753479E-08
0.295738E-08 0.478048E-08 0.587198E-08 0.671956E-08 0.740991E-08 0.799316E-08 0.850543E-08 0.897920E-08 0.945098E-08 0.100342E-07
0.323330E-08 0.536819E-08 0.671956E-08 0.781233E-08 0.873205E-08 0.952819E-08 0.102384E-07 0.109004E-07 0.115614E-07 0.123790E-07
0.344350E-08 0.583135E-08 0.740991E-08 0.873205E-08 0.988060E-08 0.109016E-07 0.118305E-07 0.127069E-07 0.135867E-07 0.146763E-07
0.361437E-08 0.621452E-08 0.799316E-08 0.952819E-08 0.109016E-07 0.121566E-07 0.133257E-07 0.144477E-07 0.155848E-07 0.169972E-07
0.376165E-08 0.654729E-08 0.850543E-08 0.102384E-07 0.118305E-07 0.133257E-07 0.147558E-07 0.161599E-07 0.176049E-07 0.194118E-07
0.389691E-08 0.685362E-08 0.897920E-08 0.109004E-07 0.127069E-07 0.144477E-07 0.161599E-07 0.178888E-07 0.197112E-07 0.220224E-07
0.403135E-08 0.715826E-08 0.945098E-08 0.115614E-07 0.135867E-07 0.155848E-07 0.176049E-07 0.197112E-07 0.220093E-07 0.250093E-07
0.419750E-08 0.753479E-08 0.100342E-07 0.123790E-07 0.146763E-07 0.169972E-07 0.194118E-07 0.220224E-07 0.250093E-07 0.291463E-07
0.172080E-08 0.249768E-08 0.288367E-08 0.315392E-08 0.335983E-08 0.352723E-08 0.367152E-08 0.380403E-08 0.393575E-08 0.409852E-08
0.249768E-08 0.389256E-08 0.467000E-08 0.524668E-08 0.570124E-08 0.607732E-08 0.640394E-08 0.670461E-08 0.700363E-08 0.737320E-08
0.288367E-08 0.467000E-08 0.574126E-08 0.657354E-08 0.725155E-08 0.782443E-08 0.832762E-08 0.879301E-08 0.925645E-08 0.982934E-08
0.315392E-08 0.524668E-08 0.657354E-08 0.764698E-08 0.855064E-08 0.933298E-08 0.100309E-07 0.106815E-07 0.113313E-07 0.121348E-07
0.335983E-08 0.570124E-08 0.725155E-08 0.855064E-08 0.967944E-08 0.106831E-07 0.115963E-07 0.124581E-07 0.133232E-07 0.143947E-07
0.352723E-08 0.607732E-08 0.782443E-08 0.933298E-08 0.106831E-07 0.119172E-07 0.130670E-07 0.141708E-07 0.152894E-07 0.166791E-07
0.367152E-08 0.640394E-08 0.832762E-08 0.100309E-07 0.115963E-07 0.130670E-07 0.144741E-07 0.158561E-07 0.172786E-07 0.190576E-07
0.380403E-08 0.670461E-08 0.879301E-08 0.106815E-07 0.124581E-07 0.141708E-07 0.158561E-07 0.175586E-07 0.193539E-07 0.216312E-07
0.393575E-08 0.700363E-08 0.925645E-08 0.113313E-07 0.133232E-07 0.152894E-07 0.172786E-07 0.193539E-07 0.216195E-07 0.245783E-07
0.409852E-08 0.737320E-08 0.982934E-08 0.121348E-07 0.143947E-07 0.166791E-07 0.190576E-07 0.216312E-07 0.245783E-07 0.286639E-07
0.167524E-08 0.243469E-08 0.281263E-08 0.307737E-08 0.327913E-08 0.344316E-08 0.358454E-08 0.371439E-08 0.384346E-08 0.400296E-08
0.243469E-08 0.380062E-08 0.456325E-08 0.512922E-08 0.557543E-08 0.594464E-08 0.626529E-08 0.656047E-08 0.685404E-08 0.721687E-08
0.281263E-08 0.456325E-08 0.561487E-08 0.643230E-08 0.709835E-08 0.766118E-08 0.815557E-08 0.861282E-08 0.906817E-08 0.963105E-08
0.307737E-08 0.512922E-08 0.643230E-08 0.748701E-08 0.837509E-08 0.914405E-08 0.983010E-08 0.104697E-07 0.111084E-07 0.118984E-07
0.327913E-08 0.557543E-08 0.709835E-08 0.837509E-08 0.948475E-08 0.104715E-07 0.113696E-07 0.122171E-07 0.130680E-07 0.141217E-07
0.344316E-08 0.594464E-08 0.766118E-08 0.914405E-08 0.104715E-07 0.116852E-07 0.128164E-07 0.139024E-07 0.150031E-07 0.163705E-07
0.358454E-08 0.626529E-08 0.815557E-08 0.983010E-08 0.113696E-07 0.128164E-07 0.142011E-07 0.155614E-07 0.169619E-07 0.187136E-07
0.371439E-08 0.656047E-08 0.861282E-08 0.104697E-07 0.122171E-07 0.139024E-07 0.155614E-07 0.172381E-07 0.190068E-07 0.212508E-07
0.384346E-08 0.685404E-08 0.906817E-08 0.111084E-07 0.130680E-07 0.150031E-07 0.169619E-07 0.190068E-07 0.212405E-07 0.241587E-07
0.400296E-08 0.721687E-08 0.963105E-08 0.118984E-07 0.141217E-07 0.163705E-07 0.187136E-07 0.212508E-07 0.241587E-07 0.281934E-07
0.163148E-08 0.237401E-08 0.274412E-08 0.300351E-08 0.320123E-08 0.336198E-08 0.350055E-08 0.362780E-08 0.375430E-08 0.391062E-08
0.237401E-08 0.371180E-08 0.446000E-08 0.501557E-08 0.545367E-08 0.581620E-08 0.613106E-08 0.642091E-08 0.670918E-08 0.706545E-08
0.274412E-08 0.446000E-08 0.549254E-08 0.629555E-08 0.694999E-08 0.750307E-08 0.798891E-08 0.843827E-08 0.888576E-08 0.943893E-08
0.300351E-08 0.501557E-08 0.629555E-08 0.733209E-08 0.820506E-08 0.896102E-08 0.963554E-08 0.102644E-07 0.108924E-07 0.116691E-07
0.320123E-08 0.545367E-08 0.694999E-08 0.820506E-08 0.929613E-08 0.102666E-07 0.111498E-07 0.119835E-07 0.128204E-07 0.138570E-07
0.336198E-08 0.581620E-08 0.750307E-08 0.896102E-08 0.102666E-07 0.114605E-07 0.125733E-07 0.136420E-07 0.147253E-07 0.160711E-07
0.350055E-08 0.613106E-08 0.798891E-08 0.963554E-08 0.111498E-07 0.125733E-07 0.139362E-07 0.152754E-07 0.166544E-07 0.183793E-07
0.362780E-08 0.642091E-08 0.843827E-08 0.102644E-07 0.119835E-07 0.136420E-07 0.152754E-07 0.169269E-07 0.186695E-07 0.208808E-07
0.375430E-08 0.670918E-08 0.888576E-08 0.108924E-07 0.128204E-07 0.147253E-07 0.166544E-07 0.186695E-07 0.208717E-07 0.237500E-07
0.391062E-08 0.706545E-08 0.943893E-08 0.116691E-07 0.138570E-07 0.160711E-07 0.183793E-07 0.208808E-07 0.237500E-07 0.277343E-07
0.158946E-08 0.231559E-08 0.267808E-08 0.293227E-08 0.312606E-08 0.328363E-08 0.341946E-08 0.354420E-08 0.366819E-08 0.382142E-08
0.231559E-08 0.362600E-08 0.436017E-08 0.490563E-08 0.533585E-08 0.569188E-08 0.600111E-08 0.628579E-08 0.656891E-08 0.691882E-08
0.267808E-08 0.436017E-08 0.537416E-08 0.616317E-08 0.680634E-08 0.734994E-08 0.782748E-08 0.826917E-08 0.870903E-08 0.925277E-08
0.293227E-08 0.490563E-08 0.616317E-08 0.718207E-08 0.804036E-08 0.878371E-08 0.944702E-08 0.100655E-07 0.106831E-07 0.114469E-07
0.312606E-08 0.533585E-08 0.680634E-08 0.804036E-08 0.911340E-08 0.100679E-07 0.109369E-07 0.117570E-07 0.125805E-07 0.136003E-07
0.328363E-08 0.569188E-08 0.734994E-08 0.878371E-08 0.100679E-07 0.112426E-07 0.123377E-07 0.133895E-07 0.144558E-07 0.157805E-07
0.341946E-08 0.600111E-08 0.782748E-08 0.944702E-08 0.109369E-07 0.123377E-07 0.136793E-07 0.149979E-07 0.163559E-07 0.180546E-07
0.354420E-08 0.628579E-08 0.826917E-08 0.100655E-07 0.117570E-07 0.133895E-07 0.149979E-07 0.166246E-07 0.183416E-07 0.205209E-07
0.366819E-08 0.656891E-08 0.870903E-08 0.106831E-07 0.125805E-07 0.144558E-07 0.163559E-07 0.183416E-07 0.205130E-07 0.233520E-07
0.382142E-08 0.691882E-08 0.925277E-08 0.114469E-07 0.136003E-07 0.157805E-07 0.180546E-07 0.205209E-07 0.233520E-07 0.272865E-07
0.154907E-08 0.225927E-08 0.261436E-08 0.286349E-08 0.305346E-08 0.320793E-08 0.334109E-08 0.346338E-08 0.358494E-08 0.373517E-08
0.225927E-08 0.354304E-08 0.426355E-08 0.479917E-08 0.522173E-08 0.557145E-08 0.587521E-08 0.615485E-08 0.643296E-08 0.677668E-08
0.261436E-08 0.426355E-08 0.525948E-08 0.603489E-08 0.666711E-08 0.720151E-08 0.767099E-08 0.810523E-08 0.853767E-08 0.907224E-08
0.286349E-08 0.479917E-08 0.603489E-08 0.703665E-08 0.788070E-08 0.861180E-08 0.926423E-08 0.987254E-08 0.104800E-07 0.112314E-07
0.305346E-08 0.522173E-08 0.666711E-08 0.788070E-08 0.893623E-08 0.987531E-08 0.107303E-07 0.115373E-07 0.123476E-07 0.133512E-07
0.320793E-08 0.557145E-08 0.720151E-08 0.861180E-08 0.987531E-08 0.110312E-07 0.121091E-07 0.131445E-07 0.141941E-07 0.154982E-07
0.334109E-08 0.587521E-08 0.767099E-08 0.926423E-08 0.107303E-07 0.121091E-07 0.134299E-07 0.147284E-07 0.160659E-07 0.177391E-07
